BATTERY 0.48 0.578313253012 0.524590163934 0.272727272727 0.272727272727 0.272727272727 422055.256639
BATTERY 0.61 0.824324324324 0.701149425287 0.136363636364 0.136363636364 0.136363636364 418767.149464
BATTERY 0.57 0.74025974026 0.64406779661 0.0909090909091 0.0909090909091 0.0909090909091 465789.237107
BATTERY 0.35 0.460526315789 0.397727272727 0.0909090909091 0.0909090909091 0.0909090909091 475159.446953
BATTERY 0.5 0.666666666667 0.571428571429 0.136363636364 0.136363636364 0.136363636364 434071.282194
BATTERY 0.49 0.790322580645 0.604938271605 0.0909090909091 0.0909090909091 0.0909090909091 441464.514817
BATTERY 0.73 0.901234567901 0.806629834254 0.181818181818 0.181818181818 0.181818181818 447269.327671
BATTERY 0.32 0.470588235294 0.380952380952 0.136363636364 0.136363636364 0.136363636364 400396.456308
BATTERY 0.52 0.702702702703 0.597701149425 0.136363636364 0.136363636364 0.136363636364 404399.619222
BATTERY 0.55 0.679012345679 0.60773480663 0.136363636364 0.136363636364 0.136363636364 410063.637591
BATTERY 0.53 0.854838709677 0.654320987654 0.0909090909091 0.0909090909091 0.0909090909091 435459.886165
BATTERY 0.73 0.924050632911 0.815642458101 0.136363636364 0.136363636364 0.136363636364 406629.059103
BATTERY 0.69 0.907894736842 0.784090909091 0.0909090909091 0.0909090909091 0.0909090909091 419202.215955
BATTERY 0.52 0.658227848101 0.581005586592 0.0909090909091 0.0909090909091 0.0909090909091 416172.704398
BATTERY 0.38 0.76 0.506666666667 0.272727272727 0.272727272727 0.272727272727 10793906.2604
BATTERY 0.65 0.855263157895 0.738636363636 0.0909090909091 0.0909090909091 0.0909090909091 415084.331098
BATTERY 0.39 0.590909090909 0.469879518072 0.136363636364 0.136363636364 0.136363636364 410164.178017
BATTERY 0.24 0.96 0.384 0.136363636364 0.136363636364 0.136363636364 423884.877917
BATTERY 0.37 0.456790123457 0.408839779006 0.0909090909091 0.0909090909091 0.0909090909091 397398.616313
BATTERY 0.49 0.98 0.653333333333 0.136363636364 0.136363636364 0.136363636364 444248.555886
BATTERY 0.49 0.662162162162 0.563218390805 0.136363636364 0.136363636364 0.136363636364 433954.238589
BATTERY 0.46 0.779661016949 0.578616352201 0.181818181818 0.181818181818 0.181818181818 400304.364424
BATTERY 0.16 0.695652173913 0.260162601626 0.136363636364 0.136363636364 0.136363636364 436267.834864
BATTERY 0.51 0.671052631579 0.579545454545 0.181818181818 0.181818181818 0.181818181818 389161.331098
BATTERY 0.55 0.733333333333 0.628571428571 0.181818181818 0.181818181818 0.181818181818 434178.722283
BATTERY 0.29 0.483333333333 0.3625 0.136363636364 0.136363636364 0.136363636364 409763.980871
BATTERY 0.53 0.854838709677 0.654320987654 0.181818181818 0.181818181818 0.181818181818 401668.600903
BATTERY 0.3 0.348837209302 0.322580645161 0.136363636364 0.136363636364 0.136363636364 421845.937129
BATTERY 0.37 0.755102040816 0.496644295302 0.136363636364 0.136363636364 0.136363636364 409005.30209
BATTERY 0.36 0.467532467532 0.406779661017 0.0909090909091 0.0909090909091 0.0909090909091 421907.430084
BATTERY 0.59 0.75641025641 0.662921348315 0.272727272727 0.272727272727 0.272727272727 405652.005937
BATTERY 0.39 0.696428571429 0.5 0.181818181818 0.181818181818 0.181818181818 439188.242949
BATTERY 0.47 0.58024691358 0.519337016575 0.227272727273 0.227272727273 0.227272727273 438978.169667
BATTERY 0.38 0.730769230769 0.5 0.272727272727 0.272727272727 0.272727272727 435932.423837
BATTERY 0.69 0.873417721519 0.77094972067 0.272727272727 0.272727272727 0.272727272727 433980.97582
BATTERY 0.65 0.802469135802 0.718232044199 0.0 0.0 0.0 430330.403406
BATTERY 0.42 0.736842105263 0.535031847134 0.136363636364 0.136363636364 0.136363636364 419243.559998
BATTERY 0.29 0.376623376623 0.327683615819 0.0909090909091 0.0909090909091 0.0909090909091 394238.958015
BATTERY 0.38 0.690909090909 0.490322580645 0.0909090909091 0.0909090909091 0.0909090909091 403585.329336
BATTERY 0.58 0.716049382716 0.640883977901 0.136363636364 0.136363636364 0.136363636364 388272.153005
BATTERY 0.62 0.885714285714 0.729411764706 0.0909090909091 0.0909090909091 0.0909090909091 422629.791329
BATTERY 0.68 0.83950617284 0.75138121547 0.0909090909091 0.0909090909091 0.0909090909091 408482.286696
BATTERY 0.45 0.633802816901 0.526315789474 0.0909090909091 0.0909090909091 0.0909090909091 437029.316747
BATTERY 0.28 0.378378378378 0.32183908046 0.136363636364 0.136363636364 0.136363636364 396869.186013
BATTERY 0.27 0.84375 0.409090909091 0.181818181818 0.181818181818 0.181818181818 445518.399709
BATTERY 0.59 0.786666666667 0.674285714286 0.136363636364 0.136363636364 0.136363636364 432007.015562
BATTERY 0.62 0.765432098765 0.685082872928 0.181818181818 0.181818181818 0.181818181818 400741.381657
BATTERY 0.41 0.745454545455 0.529032258065 0.227272727273 0.227272727273 0.227272727273 442176.233846
BATTERY 0.31 0.43661971831 0.362573099415 0.136363636364 0.136363636364 0.136363636364 473889.958243
BATTERY 0.41 0.788461538462 0.539473684211 0.227272727273 0.227272727273 0.227272727273 374563.877627
BATTERY 0.48 0.979591836735 0.644295302013 0.0454545454545 0.0454545454545 0.0454545454545 394967.97975
BATTERY 0.5 0.806451612903 0.617283950617 0.181818181818 0.181818181818 0.181818181818 409249.507191
BURGLARY 0.5 0.980392156863 0.662251655629 0.0 0.0 0.0 355643.810943
BURGLARY 0.49 0.830508474576 0.616352201258 0.0 0.0 0.0 329324.540261
BURGLARY 0.58 0.816901408451 0.678362573099 0.0 0.0 0.0 317047.464577
BURGLARY 0.68 0.957746478873 0.795321637427 0.0 0.0 0.0 337065.405069
BURGLARY 0.56 0.788732394366 0.654970760234 0.0 0.0 0.0 333591.437813
BURGLARY 0.16 0.695652173913 0.260162601626 0.0 0.0 0.0 336132.099947
BURGLARY 0.26 0.65 0.371428571429 0.0 0.0 0.0 295762.152899
BURGLARY 0.49 0.680555555556 0.56976744186 0.0 0.0 0.0 361414.560613
BURGLARY 0.37 0.787234042553 0.503401360544 0.0 0.0 0.0 316235.337198
BURGLARY 0.61 0.859154929577 0.713450292398 0.0 0.0 0.0 332394.739791
BURGLARY 0.39 0.590909090909 0.469879518072 0.0 0.0 0.0 354626.270624
BURGLARY 0.44 0.95652173913 0.602739726027 0.0 0.0 0.0 344198.529557
BURGLARY 0.56 0.788732394366 0.654970760234 0.2 0.2 0.2 313497.090408
BURGLARY 0.4 0.547945205479 0.462427745665 0.0 0.0 0.0 339370.23383
BURGLARY 0.53 0.688311688312 0.598870056497 0.0 0.0 0.0 339913.987559
BURGLARY 0.42 1.0 0.591549295775 0.0 0.0 0.0 335909.833027
BURGLARY 0.28 0.383561643836 0.323699421965 0.0 0.0 0.0 354190.889804
BURGLARY 0.45 0.633802816901 0.526315789474 0.0 0.0 0.0 300400.747515
BURGLARY 0.54 0.760563380282 0.631578947368 0.0 0.0 0.0 301847.588744
BURGLARY 0.17 0.425 0.242857142857 0.0 0.0 0.0 354809.825291
BURGLARY 0.66 0.929577464789 0.771929824561 0.0 0.0 0.0 327700.907198
BURGLARY 0.24 0.387096774194 0.296296296296 0.0 0.0 0.0 372244.549262
BURGLARY 0.26 0.530612244898 0.348993288591 0.0 0.0 0.0 339768.793237
BURGLARY 0.47 0.691176470588 0.559523809524 0.0 0.0 0.0 413268.603864
BURGLARY 0.58 0.816901408451 0.678362573099 0.2 0.2 0.2 339365.816529
BURGLARY 0.57 0.826086956522 0.674556213018 0.0 0.0 0.0 326436.775903
BURGLARY 0.64 0.901408450704 0.748538011696 0.0 0.0 0.0 315812.149685
BURGLARY 0.41 0.836734693878 0.55033557047 0.0 0.0 0.0 321289.009098
BURGLARY 0.49 0.844827586207 0.620253164557 0.0 0.0 0.0 326013.695487
BURGLARY 0.48 0.676056338028 0.561403508772 0.0 0.0 0.0 323477.453528
BURGLARY 0.69 0.971830985915 0.80701754386 0.0 0.0 0.0 327130.235422
BURGLARY 0.59 0.830985915493 0.690058479532 0.0 0.0 0.0 310903.145462
BURGLARY 0.54 0.931034482759 0.683544303797 0.0 0.0 0.0 334231.411597
BURGLARY 0.47 0.903846153846 0.618421052632 0.0 0.0 0.0 371718.381511
BURGLARY 0.38 0.535211267606 0.444444444444 0.0 0.0 0.0 348740.080385
BURGLARY 0.56 0.788732394366 0.654970760234 0.2 0.2 0.2 321555.66101
BURGLARY 0.54 0.84375 0.658536585366 0.0 0.0 0.0 344871.809769
BURGLARY 0.67 0.943661971831 0.783625730994 0.0 0.0 0.0 342432.209181
BURGLARY 0.51 0.718309859155 0.59649122807 0.0 0.0 0.0 329848.206086
BURGLARY 0.51 0.894736842105 0.649681528662 0.0 0.0 0.0 358243.106231
BURGLARY 0.34 0.465753424658 0.393063583815 0.0 0.0 0.0 356655.708695
BURGLARY 0.6 0.845070422535 0.701754385965 0.0 0.0 0.0 324572.301087
BURGLARY 0.68 0.957746478873 0.795321637427 0.2 0.2 0.2 350919.187552
BURGLARY 0.57 0.802816901408 0.666666666667 0.0 0.0 0.0 320112.477673
BURGLARY 0.45 0.703125 0.548780487805 0.0 0.0 0.0 361427.502164
BURGLARY 0.66 0.929577464789 0.771929824561 0.0 0.0 0.0 337079.203732
BURGLARY 0.66 0.929577464789 0.771929824561 0.0 0.0 0.0 349180.424603
BURGLARY 0.43 0.796296296296 0.558441558442 0.0 0.0 0.0 317191.784105
BURGLARY 0.35 0.614035087719 0.445859872611 0.0 0.0 0.0 372555.035536
BURGLARY 0.55 0.774647887324 0.643274853801 0.0 0.0 0.0 312877.581524
BURGLARY 0.58 0.816901408451 0.678362573099 0.0 0.0 0.0 327926.533155
BURGLARY 0.67 0.943661971831 0.783625730994 0.2 0.2 0.2 322225.632805