2014 0.18 0.367346938776 0.241610738255 1.0 1.0 1.0 0 0 0.0 1549762.66986
2014 0.41 0.931818181818 0.569444444444 1.0 1.0 1.0 0 0 0.0 1201508.35366
2014 0.44 0.936170212766 0.598639455782 1.0 1.0 1.0 0 0 0.0 2541074.06897
2014 0.45 0.918367346939 0.604026845638 1.0 1.0 1.0 0 0 0.0 2961513.983
2014 0.49 0.890909090909 0.632258064516 1.0 1.0 1.0 0 0 0.0 2686606.19764
2014 0.22 0.666666666667 0.330827067669 1.0 1.0 1.0 0 0 0.0 2325426.0203
2014 0.18 0.367346938776 0.241610738255 1.0 1.0 1.0 0 0 0.0 2254458.26456
2014 0.33 0.717391304348 0.452054794521 1.0 1.0 1.0 0 0 0.0 779170.293438
2014 0.29 0.878787878788 0.436090225564 1.0 1.0 1.0 0 0 0.0 2651146.41105
2014 0.13 0.236363636364 0.167741935484 1.0 1.0 1.0 0 0 0.0 2762407.05457
2014 0.41 0.891304347826 0.561643835616 1.0 1.0 1.0 0 0 0.0 816740.06716
2014 0.27 0.586956521739 0.369863013699 1.0 1.0 1.0 0 0 0.0 631815.904568
2014 0.39 0.975 0.557142857143 1.0 1.0 1.0 0 0 0.0 2003737.40921
2014 0.32 0.969696969697 0.481203007519 1.0 1.0 1.0 0 0 0.0 2101854.65454
2014 0.33 1.0 0.496240601504 1.0 1.0 1.0 0 0 0.0 2084788.07794
2014 0.31 0.775 0.442857142857 1.0 1.0 1.0 0 0 0.0 2479996.62592
2014 0.34 0.772727272727 0.472222222222 1.0 1.0 1.0 0 0 0.0 855777.364007
2014 0.32 0.695652173913 0.438356164384 1.0 1.0 1.0 0 0 0.0 1631585.55795 
2014 0.41 0.931818181818 0.569444444444 1.0 1.0 1.0 0 0 0.0 1283981.33418 
2014 0.44 0.936170212766 0.598639455782 1.0 1.0 1.0 0 0 0.0 3620964.41173 
2014 0.45 0.918367346939 0.604026845638 1.0 1.0 1.0 0 0 0.0 4204184.87248 