BATTERY 0.06 0.75 0.111111111111 0.136363636364 0.136363636364 0.136363636364 8 22 0.0 17.88261199
BATTERY 0.08 0.888888888889 0.146788990826 0.136363636364 0.136363636364 0.136363636364 9 22 0.0 16.7585852146
BATTERY 0.09 1.0 0.165137614679 0.0909090909091 0.0909090909091 0.0909090909091 9 22 0.0 16.3680608273
BATTERY 0.08 0.888888888889 0.146788990826 0.272727272727 0.272727272727 0.272727272727 9 22 0.0 15.5717360973
BATTERY 0.08 1.0 0.148148148148 0.0909090909091 0.0909090909091 0.0909090909091 8 22 0.0 15.5808589458
BATTERY 0.04 0.5 0.0740740740741 0.0909090909091 0.0909090909091 0.0909090909091 8 22 0.0 15.9645400047
BATTERY 0.1 1.0 0.181818181818 0.136363636364 0.136363636364 0.136363636364 10 22 0.0 16.3001430035
BATTERY 0.11 1.0 0.198198198198 0.227272727273 0.227272727273 0.227272727273 11 22 0.0 18.7404618263
BATTERY 0.05 0.555555555556 0.0917431192661 0.227272727273 0.227272727273 0.227272727273 9 22 0.0 17.7348101139
BATTERY 0.03 0.375 0.0555555555556 0.181818181818 0.181818181818 0.181818181818 8 22 0.0 18.0140490532
BATTERY 0.07 0.583333333333 0.125 0.0909090909091 0.0909090909091 0.0909090909091 12 22 0.0 16.3530759811
BATTERY 0.09 1.0 0.165137614679 0.136363636364 0.136363636364 0.136363636364 9 22 0.0 18.6773021221
BATTERY 0.05 0.454545454545 0.0900900900901 0.272727272727 0.272727272727 0.272727272727 11 22 0.0 17.2191169262
BATTERY 0.09 1.0 0.165137614679 0.181818181818 0.181818181818 0.181818181818 9 22 0.0 15.5727460384
BATTERY 0.07 0.777777777778 0.128440366972 0.136363636364 0.136363636364 0.136363636364 9 22 0.0 19.160089016
BATTERY 0.03 0.272727272727 0.0540540540541 0.227272727273 0.227272727273 0.227272727273 11 22 0.0 17.5959739685
BATTERY 0.04 0.333333333333 0.0714285714286 0.272727272727 0.272727272727 0.272727272727 12 22 0.0 15.5040359497
BATTERY 0.08 1.0 0.148148148148 0.318181818182 0.318181818182 0.318181818182 8 22 0.0 18.0093729496
BATTERY 0.06 0.75 0.111111111111 0.227272727273 0.227272727273 0.227272727273 8 22 0.0 17.8951129913
BATTERY 0.08 0.888888888889 0.146788990826 0.181818181818 0.181818181818 0.181818181818 9 22 0.0 16.9357230663
BATTERY 0.07 1.0 0.130841121495 0.136363636364 0.136363636364 0.136363636364 7 22 0.0 18.3601670265
BATTERY 0.05 0.5 0.0909090909091 0.181818181818 0.181818181818 0.181818181818 10 22 0.0 17.6761858463
BATTERY 0.08 0.888888888889 0.146788990826 0.181818181818 0.181818181818 0.181818181818 9 22 0.0 17.6256680489
BATTERY 0.08 1.0 0.148148148148 0.227272727273 0.227272727273 0.227272727273 8 22 0.0 18.2757480145
BATTERY 0.09 1.0 0.165137614679 0.136363636364 0.136363636364 0.136363636364 9 22 0.0 16.5467460155
BATTERY 0.07 0.875 0.12962962963 0.181818181818 0.181818181818 0.181818181818 8 22 0.0 16.1191380024
BATTERY 0.07 0.875 0.12962962963 0.136363636364 0.136363636364 0.136363636364 8 22 0.0 15.9862689972
BATTERY 0.09 1.0 0.165137614679 0.0909090909091 0.0909090909091 0.0909090909091 9 22 0.0 16.6217777729
BATTERY 0.07 0.875 0.12962962963 0.227272727273 0.227272727273 0.227272727273 8 22 0.0 17.0249629021
BATTERY 0.08 1.0 0.148148148148 0.136363636364 0.136363636364 0.136363636364 8 22 0.0 17.3674259186
BATTERY 0.09 1.0 0.165137614679 0.181818181818 0.181818181818 0.181818181818 9 22 0.0 16.7877349854
BATTERY 0.06 0.545454545455 0.108108108108 0.272727272727 0.272727272727 0.272727272727 11 22 0.0 17.0405960083
BATTERY 0.09 1.0 0.165137614679 0.0454545454545 0.0454545454545 0.0454545454545 9 22 0.0 15.5529270172
BATTERY 0.09 1.0 0.165137614679 0.181818181818 0.181818181818 0.181818181818 9 22 0.0 15.9546809196
BATTERY 0.09 0.692307692308 0.159292035398 0.272727272727 0.272727272727 0.272727272727 13 22 0.0 18.2310481071
BATTERY 0.09 1.0 0.165137614679 0.136363636364 0.136363636364 0.136363636364 9 22 0.0 17.9020109177
BATTERY 0.08 0.888888888889 0.146788990826 0.136363636364 0.136363636364 0.136363636364 9 22 0.0 16.5816521645
BATTERY 0.09 0.818181818182 0.162162162162 0.181818181818 0.181818181818 0.181818181818 11 22 0.0 18.7316510677
BATTERY 0.08 1.0 0.148148148148 0.136363636364 0.136363636364 0.136363636364 8 22 0.0 18.5426149368
BATTERY 0.11 1.0 0.198198198198 0.0909090909091 0.0909090909091 0.0909090909091 11 22 0.0 17.7754511833
BATTERY 0.06 0.666666666667 0.110091743119 0.136363636364 0.136363636364 0.136363636364 9 22 0.0 17.8965148926
BATTERY 0.08 0.888888888889 0.146788990826 0.181818181818 0.181818181818 0.181818181818 9 22 0.0 17.9862999916
BATTERY 0.09 1.0 0.165137614679 0.227272727273 0.227272727273 0.227272727273 9 22 0.0 16.585652113
BATTERY 0.09 1.0 0.165137614679 0.181818181818 0.181818181818 0.181818181818 9 22 0.0 17.4044160843
BATTERY 0.07 0.875 0.12962962963 0.272727272727 0.272727272727 0.272727272727 8 22 0.0 16.1192519665
BATTERY 0.06 0.75 0.111111111111 0.181818181818 0.181818181818 0.181818181818 8 22 0.0 17.4618558884
BATTERY 0.06 0.5 0.107142857143 0.181818181818 0.181818181818 0.181818181818 12 22 0.0 18.2456181049
BATTERY 0.09 0.818181818182 0.162162162162 0.227272727273 0.227272727273 0.227272727273 11 22 0.0 19.0136599541
BATTERY 0.06 0.545454545455 0.108108108108 0.227272727273 0.227272727273 0.227272727273 11 22 0.0 17.5177409649
BATTERY 0.07 0.777777777778 0.128440366972 0.227272727273 0.227272727273 0.227272727273 9 22 0.0 19.8164260387
BATTERY 0.09 1.0 0.165137614679 0.136363636364 0.136363636364 0.136363636364 9 22 0.0 16.5427298546
BATTERY 0.04 0.5 0.0740740740741 0.181818181818 0.181818181818 0.181818181818 8 22 0.0 16.8287911415
BURGLARY 0.05 0.625 0.0925925925926 0.0 0.0 0.0 8 5 0.0 19.9512138367
BURGLARY 0.09 0.818181818182 0.162162162162 0.0 0.0 0.0 11 5 0.0 27.9334578514
BURGLARY 0.06 0.75 0.111111111111 0.0 0.0 0.0 8 5 0.0 25.3794138432
BURGLARY 0.09 1.0 0.165137614679 0.0 0.0 0.0 9 5 0.0 23.0700509548
BURGLARY 0.05 0.454545454545 0.0900900900901 0.0 0.0 0.0 11 5 0.0 27.2999649048
BURGLARY 0.12 0.857142857143 0.210526315789 0.0 0.0 0.0 14 5 0.0 25.6517930031
BURGLARY 0.07 1.0 0.130841121495 0.0 0.0 0.0 7 5 0.0 26.0424699783
BURGLARY 0.02 0.166666666667 0.0357142857143 0.2 0.2 0.2 12 5 0.0 18.3902418613
BURGLARY 0.05 0.714285714286 0.0934579439252 0.0 0.0 0.0 7 5 0.0 27.3310449123
BURGLARY 0.07 0.636363636364 0.126126126126 0.0 0.0 0.0 11 5 0.0 27.1035659313
BURGLARY 0.08 1.0 0.148148148148 0.0 0.0 0.0 8 5 0.0 22.6782929897
BURGLARY 0.07 1.0 0.130841121495 0.0 0.0 0.0 7 5 0.0 26.6346578598
BURGLARY 0.05 1.0 0.0952380952381 0.0 0.0 0.0 5 5 0.0 25.711370945
BURGLARY 0.08 1.0 0.148148148148 0.0 0.0 0.0 8 5 0.0 22.8769619465
BURGLARY 0.09 1.0 0.165137614679 0.0 0.0 0.0 9 5 0.0 23.5501790047
BURGLARY 0.08 1.0 0.148148148148 0.0 0.0 0.0 8 5 0.0 24.9980249405
BURGLARY 0.05 1.0 0.0952380952381 0.0 0.0 0.0 5 5 0.0 19.823982954
BURGLARY 0.07 0.777777777778 0.128440366972 0.0 0.0 0.0 9 5 0.0 25.8607890606
BURGLARY 0.09 1.0 0.165137614679 0.0 0.0 0.0 9 5 0.0 24.5728750229
BURGLARY 0.07 0.777777777778 0.128440366972 0.0 0.0 0.0 9 5 0.0 22.3392570019
BURGLARY 0.07 1.0 0.130841121495 0.0 0.0 0.0 7 5 0.0 22.6613218784
BURGLARY 0.14 1.0 0.245614035088 0.0 0.0 0.0 14 5 0.0 25.4679319859
BURGLARY 0.09 0.818181818182 0.162162162162 0.2 0.2 0.2 11 5 0.0 23.4350538254
BURGLARY 0.08 0.888888888889 0.146788990826 0.0 0.0 0.0 9 5 0.0 16.3090720177
BURGLARY 0.07 0.777777777778 0.128440366972 0.2 0.2 0.2 9 5 0.0 29.0314409733
BURGLARY 0.07 0.777777777778 0.128440366972 0.2 0.2 0.2 9 5 0.0 26.0756921768
BURGLARY 0.14 1.0 0.245614035088 0.0 0.0 0.0 14 5 0.0 25.4488890171
BURGLARY 0.06 0.666666666667 0.110091743119 0.0 0.0 0.0 9 5 0.0 24.9399549961
BURGLARY 0.04 0.571428571429 0.0747663551402 0.0 0.0 0.0 7 5 0.0 26.9873950481
BURGLARY 0.09 1.0 0.165137614679 0.0 0.0 0.0 9 5 0.0 26.3363230228
BURGLARY 0.09 1.0 0.165137614679 0.0 0.0 0.0 9 5 0.0 25.6813519001
BURGLARY 0.07 0.777777777778 0.128440366972 0.0 0.0 0.0 9 5 0.0 25.6639919281
BURGLARY 0.06 0.857142857143 0.11214953271 0.0 0.0 0.0 7 5 0.0 19.2650969028
BURGLARY 0.08 1.0 0.148148148148 0.2 0.2 0.2 8 5 0.0 23.4304549694
BURGLARY 0.05 0.714285714286 0.0934579439252 0.0 0.0 0.0 7 5 0.0 19.0469379425
BURGLARY 0.09 1.0 0.165137614679 0.0 0.0 0.0 9 5 0.0 24.7350521088
BURGLARY 0.07 1.0 0.130841121495 0.0 0.0 0.0 7 5 0.0 24.0289840698
BURGLARY 0.08 1.0 0.148148148148 0.0 0.0 0.0 8 5 0.0 22.9087481499
BURGLARY 0.05 0.454545454545 0.0900900900901 0.0 0.0 0.0 11 5 0.0 25.698184967
BURGLARY 0.05 0.555555555556 0.0917431192661 0.0 0.0 0.0 9 5 0.0 19.328387022
BURGLARY 0.08 1.0 0.148148148148 0.0 0.0 0.0 8 5 0.0 18.226706028
BURGLARY 0.07 1.0 0.130841121495 0.0 0.0 0.0 7 5 0.0 21.9145538807
BURGLARY 0.04 0.5 0.0740740740741 0.0 0.0 0.0 8 5 0.0 26.0209579468
BURGLARY 0.03 0.333333333333 0.0550458715596 0.0 0.0 0.0 9 5 0.0 24.3157289028
BURGLARY 0.07 0.875 0.12962962963 0.0 0.0 0.0 8 5 0.0 20.3885688782
BURGLARY 0.04 0.571428571429 0.0747663551402 0.2 0.2 0.2 7 5 0.0 22.5912559032
BURGLARY 0.07 0.777777777778 0.128440366972 0.0 0.0 0.0 9 5 0.0 23.4268431664
BURGLARY 0.11 1.0 0.198198198198 0.0 0.0 0.0 11 5 0.0 24.1098299026
BURGLARY 0.06 0.75 0.111111111111 0.0 0.0 0.0 8 5 0.0 19.6079480648
BURGLARY 0.06 0.75 0.111111111111 0.0 0.0 0.0 8 5 0.0 25.7223651409
BURGLARY 0.1 0.909090909091 0.18018018018 0.0 0.0 0.0 11 5 0.0 22.3360750675
BURGLARY 0.09 1.0 0.165137614679 0.0 0.0 0.0 9 5 0.0 24.1782181263
