#################################################################
#APDM Input Graph, this input graph includes 3 sections:
#section1 : general information
#section2 : nodes
#section3 : edges
#section4 : trueSubGraph (Optional)
#
#if nodes haven't information set weight to null
#################################################################
SECTION1 (General Information)
numNodes = 100
numEdges = 2212
usedAlgorithm = NULL
dataSource = GraphMLDataset
numOfFeatures = 5
truth_features = 
END
#################################################################
SECTION2 (Nodes Information)
NodeID att0 att1 att2 att3 att4
0 0.000000 0.000000 0.664815 1.434000 1.655590 1.693052
1 1.000000 0.432434 0.884387 0.959262 0.850789 0.331971
2 2.000000 0.144145 0.546897 0.724341 1.080732 0.398365
3 3.000000 0.432434 0.705476 0.690082 0.804801 0.232380
4 4.000000 0.000000 0.508268 0.538362 0.896778 0.464759
5 5.000000 0.432434 0.709542 0.523679 0.620846 0.995913
6 6.000000 0.288289 0.658716 0.513891 0.666835 0.331971
7 7.000000 0.288289 0.412714 0.513891 1.034744 0.165986
8 8.000000 0.000000 0.571293 0.460054 0.712823 0.398365
9 9.000000 0.000000 0.426945 0.440478 0.896778 0.199183
10 10.000000 0.000000 0.650583 0.430689 0.574858 0.265577
11 11.000000 0.144145 0.504202 0.416007 0.735818 0.564351
12 12.000000 0.144145 0.449309 0.406218 0.804801 0.132788
13 13.000000 0.288289 0.565194 0.371959 0.597852 0.099591
14 14.000000 0.000000 0.662782 0.337700 0.459886 0.298774
15 15.000000 0.000000 0.282597 0.318123 1.011749 0.099591
16 16.000000 0.288289 0.252101 0.313229 1.103727 0.232380
17 17.000000 0.144145 0.325292 0.298546 0.873784 0.000000
18 18.000000 0.288289 0.268366 0.293652 1.011749 0.132788
19 19.000000 0.000000 0.735972 0.288758 0.344915 1.626658
20 20.000000 0.000000 0.483871 0.278969 0.574858 0.431562
21 21.000000 0.144145 0.382218 0.269181 0.712823 0.066394
22 22.000000 0.432434 0.601789 0.264287 0.436892 0.199183
23 23.000000 0.288289 0.630253 0.259392 0.390903 1.029110
24 24.000000 0.432434 0.583492 0.249604 0.436892 0.265577
25 25.000000 0.288289 0.420846 0.239816 0.597852 0.199183
26 26.000000 0.288289 0.337490 0.239816 0.735818 0.000000
27 27.000000 0.144145 0.740038 0.239816 0.298926 0.995913
28 28.000000 0.144145 0.380185 0.234921 0.666835 0.066394
29 29.000000 0.288289 0.353755 0.230027 0.689829 0.000000
30 30.000000 0.144145 0.569260 0.230027 0.413897 0.000000
31 31.000000 0.144145 0.203307 0.225133 1.057738 0.165986
32 32.000000 0.000000 0.622120 0.215345 0.367909 0.464759
33 33.000000 0.000000 0.168745 0.210450 1.149715 0.298774
34 34.000000 0.144145 0.782733 0.200662 0.229943 0.199183
35 35.000000 0.144145 0.327325 0.190874 0.689829 0.000000
36 36.000000 0.000000 0.693278 0.185979 0.275932 0.497957
37 37.000000 0.144145 0.246002 0.185979 0.850789 0.132788
38 38.000000 0.288289 0.668881 0.185979 0.298926 0.265577
39 39.000000 0.432434 0.376118 0.176191 0.574858 0.000000
40 40.000000 0.000000 0.211440 0.176191 0.919772 0.132788
41 41.000000 0.576579 0.443210 0.171297 0.482880 0.232380
42 42.000000 0.432434 0.241936 0.166403 0.804801 0.564351
43 43.000000 0.144145 0.260233 0.166403 0.758812 0.066394
44 44.000000 0.288289 0.467607 0.166403 0.436892 0.663942
45 45.000000 0.720723 0.463541 0.151720 0.413897 0.033197
46 46.000000 0.000000 0.567227 0.141932 0.321920 0.000000
47 47.000000 0.144145 0.563161 0.137037 0.321920 0.165986
48 48.000000 0.288289 0.274465 0.127249 0.666835 0.000000
49 49.000000 0.144145 0.422879 0.127249 0.436892 0.000000
50 50.000000 0.576579 0.241936 0.127249 0.735818 0.000000
51 51.000000 0.144145 0.593657 0.127249 0.275932 0.365168
52 52.000000 0.000000 0.441177 0.122355 0.413897 0.000000
53 53.000000 0.432434 0.467607 0.117461 0.367909 0.165986
54 54.000000 0.000000 0.443210 0.117461 0.390903 0.132788
55 55.000000 0.144145 0.250068 0.117461 0.689829 0.099591
56 56.000000 0.288289 0.492004 0.112567 0.344915 0.232380
57 57.000000 0.144145 0.412714 0.107672 0.413897 0.165986
58 58.000000 0.144145 0.376118 0.102778 0.459886 1.029110
59 59.000000 0.144145 0.380185 0.102778 0.436892 0.165986
60 60.000000 0.144145 0.288696 0.097884 0.574858 0.033197
61 61.000000 0.432434 0.406615 0.092990 0.390903 0.331971
62 62.000000 0.288289 0.475739 0.092990 0.321920 0.265577
63 63.000000 0.288289 0.406615 0.092990 0.390903 0.165986
64 64.000000 0.144145 0.164679 0.088096 0.850789 0.630745
65 65.000000 0.288289 0.315126 0.088096 0.505875 0.099591
66 66.000000 0.432434 0.233803 0.083201 0.643840 0.099591
67 67.000000 0.144145 0.522500 0.073413 0.252937 0.232380
68 68.000000 0.144145 0.233803 0.073413 0.620846 0.033197
69 69.000000 0.000000 0.304961 0.068519 0.482880 0.033197
70 70.000000 0.288289 0.384251 0.058730 0.367909 0.066394
71 71.000000 0.000000 0.628219 0.058730 0.183954 0.331971
72 72.000000 0.000000 0.205340 0.058730 0.666835 0.531154
73 73.000000 0.144145 0.449309 0.053836 0.298926 0.597548
74 74.000000 0.144145 0.422879 0.053836 0.321920 0.000000
75 75.000000 0.144145 0.337490 0.048942 0.413897 0.033197
76 76.000000 0.000000 0.264299 0.048942 0.528869 0.962716
77 77.000000 0.144145 0.697344 0.048942 0.137966 0.431562
78 78.000000 0.144145 0.494037 0.044048 0.252937 0.265577
79 79.000000 0.144145 0.424912 0.039154 0.298926 0.165986
80 80.000000 0.000000 0.058959 0.029365 1.080732 0.265577
81 81.000000 0.288289 0.528599 0.029365 0.206949 0.000000
82 82.000000 0.288289 0.439144 0.024471 0.252937 0.000000
83 83.000000 0.288289 0.331391 0.024471 0.367909 0.265577
84 84.000000 0.144145 0.213473 0.024471 0.574858 0.497957
85 85.000000 0.144145 0.803064 0.019577 0.045989 0.199183
86 86.000000 0.000000 0.977908 0.019577 0.000000 1.759446
87 87.000000 0.144145 0.412714 0.019577 0.275932 0.564351
88 88.000000 0.000000 0.156547 0.019577 0.689829 0.199183
89 89.000000 0.000000 0.150447 0.019577 0.712823 0.199183
90 90.000000 0.288289 0.321225 0.014683 0.367909 0.066394
91 91.000000 0.000000 0.284630 0.014683 0.413897 0.398365
92 92.000000 0.144145 0.347655 0.009788 0.321920 0.165986
93 93.000000 0.144145 0.591624 0.009788 0.137966 0.000000
94 94.000000 0.144145 0.000000 0.009788 1.402653 0.000000
95 95.000000 0.144145 0.264299 0.004894 0.436892 0.066394
96 96.000000 0.000000 0.231770 0.004894 0.482880 0.000000
97 97.000000 0.144145 0.296829 0.004894 0.390903 0.165986
98 98.000000 0.288289 0.654649 0.000000 0.091977 0.000000
99 99.000000 0.288289 0.217539 0.000000 0.505875 0.000000
END
#################################################################
SECTION3 (Edges Information)
EndPoint0 EndPoint1 Weight
0 51 1.000000
0 25 1.000000
0 12 1.000000
0 92 1.000000
0 28 1.000000
0 9 1.000000
0 37 1.000000
0 69 1.000000
0 58 1.000000
0 31 1.000000
0 21 1.000000
0 45 1.000000
0 17 1.000000
0 83 1.000000
0 80 1.000000
0 79 1.000000
0 27 1.000000
0 77 1.000000
1 35 1.000000
1 85 1.000000
1 64 1.000000
1 7 1.000000
1 45 1.000000
1 70 1.000000
1 32 1.000000
1 42 1.000000
1 82 1.000000
1 44 1.000000
1 78 1.000000
1 38 1.000000
1 22 1.000000
1 41 1.000000
1 77 1.000000
1 71 1.000000
1 61 1.000000
1 13 1.000000
1 8 1.000000
1 6 1.000000
1 5 1.000000
1 94 1.000000
1 18 1.000000
1 29 1.000000
1 96 1.000000
2 26 1.000000
2 57 1.000000
2 64 1.000000
2 62 1.000000
2 88 1.000000
2 76 1.000000
2 24 1.000000
2 74 1.000000
2 39 1.000000
2 90 1.000000
2 29 1.000000
2 59 1.000000
2 22 1.000000
2 41 1.000000
2 27 1.000000
3 33 1.000000
3 26 1.000000
3 87 1.000000
3 45 1.000000
3 16 1.000000
3 42 1.000000
3 82 1.000000
3 48 1.000000
3 93 1.000000
3 50 1.000000
3 79 1.000000
3 38 1.000000
3 98 1.000000
3 90 1.000000
3 39 1.000000
3 53 1.000000
3 46 1.000000
3 56 1.000000
3 52 1.000000
3 25 1.000000
3 19 1.000000
3 12 1.000000
3 68 1.000000
3 66 1.000000
3 43 1.000000
3 99 1.000000
3 6 1.000000
3 24 1.000000
3 60 1.000000
3 94 1.000000
3 18 1.000000
3 29 1.000000
4 95 1.000000
4 49 1.000000
4 83 1.000000
4 97 1.000000
4 44 1.000000
4 62 1.000000
4 90 1.000000
4 53 1.000000
4 18 1.000000
4 87 1.000000
5 26 1.000000
5 25 1.000000
5 73 1.000000
5 81 1.000000
5 13 1.000000
5 43 1.000000
5 45 1.000000
5 40 1.000000
5 34 1.000000
5 83 1.000000
5 1 1.000000
5 44 1.000000
5 98 1.000000
5 47 1.000000
6 26 1.000000
6 64 1.000000
6 87 1.000000
6 7 1.000000
6 45 1.000000
6 42 1.000000
6 32 1.000000
6 3 1.000000
6 1 1.000000
6 93 1.000000
6 78 1.000000
6 50 1.000000
6 46 1.000000
6 41 1.000000
6 52 1.000000
6 25 1.000000
6 12 1.000000
6 71 1.000000
6 68 1.000000
6 61 1.000000
6 13 1.000000
6 8 1.000000
6 99 1.000000
6 18 1.000000
6 29 1.000000
7 35 1.000000
7 92 1.000000
7 54 1.000000
7 64 1.000000
7 20 1.000000
7 31 1.000000
7 21 1.000000
7 45 1.000000
7 17 1.000000
7 32 1.000000
7 23 1.000000
7 74 1.000000
7 1 1.000000
7 78 1.000000
7 39 1.000000
7 41 1.000000
7 71 1.000000
7 66 1.000000
7 61 1.000000
7 81 1.000000
7 13 1.000000
7 37 1.000000
7 67 1.000000
7 8 1.000000
7 6 1.000000
7 11 1.000000
7 29 1.000000
7 75 1.000000
8 32 1.000000
8 71 1.000000
8 1 1.000000
8 61 1.000000
8 64 1.000000
8 13 1.000000
8 78 1.000000
8 7 1.000000
8 29 1.000000
8 45 1.000000
8 6 1.000000
8 41 1.000000
9 51 1.000000
9 25 1.000000
9 0 1.000000
9 12 1.000000
9 92 1.000000
9 28 1.000000
9 37 1.000000
9 69 1.000000
9 58 1.000000
9 31 1.000000
9 21 1.000000
9 45 1.000000
9 17 1.000000
9 83 1.000000
9 80 1.000000
9 79 1.000000
9 27 1.000000
9 77 1.000000
10 14 1.000000
10 49 1.000000
10 63 1.000000
10 55 1.000000
10 61 1.000000
10 38 1.000000
10 36 1.000000
10 70 1.000000
10 41 1.000000
11 66 1.000000
11 92 1.000000
11 35 1.000000
11 54 1.000000
11 67 1.000000
11 37 1.000000
11 20 1.000000
11 31 1.000000
11 21 1.000000
11 7 1.000000
11 17 1.000000
11 23 1.000000
11 74 1.000000
11 39 1.000000
11 75 1.000000
12 26 1.000000
12 0 1.000000
12 92 1.000000
12 28 1.000000
12 31 1.000000
12 87 1.000000
12 21 1.000000
12 45 1.000000
12 17 1.000000
12 42 1.000000
12 3 1.000000
12 93 1.000000
12 80 1.000000
12 50 1.000000
12 79 1.000000
12 46 1.000000
12 77 1.000000
12 51 1.000000
12 52 1.000000
12 25 1.000000
12 68 1.000000
12 9 1.000000
12 37 1.000000
12 69 1.000000
12 58 1.000000
12 99 1.000000
12 6 1.000000
12 83 1.000000
12 18 1.000000
12 29 1.000000
12 27 1.000000
13 25 1.000000
13 26 1.000000
13 71 1.000000
13 73 1.000000
13 63 1.000000
13 61 1.000000
13 81 1.000000
13 64 1.000000
13 8 1.000000
13 7 1.000000
13 6 1.000000
13 45 1.000000
13 40 1.000000
13 24 1.000000
13 32 1.000000
13 5 1.000000
13 65 1.000000
13 34 1.000000
13 83 1.000000
13 1 1.000000
13 78 1.000000
13 44 1.000000
13 29 1.000000
13 41 1.000000
14 49 1.000000
14 63 1.000000
14 61 1.000000
14 55 1.000000
14 10 1.000000
14 36 1.000000
14 38 1.000000
14 70 1.000000
14 41 1.000000
15 42 1.000000
15 16 1.000000
15 23 1.000000
15 55 1.000000
15 61 1.000000
15 97 1.000000
15 53 1.000000
15 47 1.000000
15 59 1.000000
15 45 1.000000
15 86 1.000000
16 33 1.000000
16 55 1.000000
16 97 1.000000
16 45 1.000000
16 42 1.000000
16 15 1.000000
16 82 1.000000
16 3 1.000000
16 48 1.000000
16 23 1.000000
16 50 1.000000
16 38 1.000000
16 79 1.000000
16 90 1.000000
16 39 1.000000
16 98 1.000000
16 53 1.000000
16 56 1.000000
16 19 1.000000
16 68 1.000000
16 66 1.000000
16 61 1.000000
16 43 1.000000
16 99 1.000000
16 24 1.000000
16 94 1.000000
16 60 1.000000
16 47 1.000000
16 59 1.000000
16 86 1.000000
17 0 1.000000
17 35 1.000000
17 54 1.000000
17 28 1.000000
17 92 1.000000
17 20 1.000000
17 31 1.000000
17 7 1.000000
17 21 1.000000
17 45 1.000000
17 23 1.000000
17 74 1.000000
17 80 1.000000
17 79 1.000000
17 39 1.000000
17 77 1.000000
17 51 1.000000
17 25 1.000000
17 12 1.000000
17 66 1.000000
17 9 1.000000
17 67 1.000000
17 37 1.000000
17 69 1.000000
17 58 1.000000
17 83 1.000000
17 11 1.000000
17 75 1.000000
17 27 1.000000
18 26 1.000000
18 97 1.000000
18 87 1.000000
18 45 1.000000
18 42 1.000000
18 3 1.000000
18 1 1.000000
18 93 1.000000
18 78 1.000000
18 44 1.000000
18 50 1.000000
18 90 1.000000
18 53 1.000000
18 46 1.000000
18 22 1.000000
18 95 1.000000
18 52 1.000000
18 49 1.000000
18 25 1.000000
18 12 1.000000
18 68 1.000000
18 62 1.000000
18 4 1.000000
18 99 1.000000
18 6 1.000000
18 83 1.000000
18 94 1.000000
18 29 1.000000
19 33 1.000000
19 68 1.000000
19 66 1.000000
19 43 1.000000
19 99 1.000000
19 24 1.000000
19 16 1.000000
19 3 1.000000
19 82 1.000000
19 48 1.000000
19 60 1.000000
19 94 1.000000
19 50 1.000000
19 79 1.000000
19 38 1.000000
19 90 1.000000
19 98 1.000000
19 39 1.000000
19 53 1.000000
20 35 1.000000
20 66 1.000000
20 92 1.000000
20 54 1.000000
20 37 1.000000
20 67 1.000000
20 31 1.000000
20 21 1.000000
20 7 1.000000
20 17 1.000000
20 74 1.000000
20 23 1.000000
20 39 1.000000
20 11 1.000000
20 75 1.000000
21 0 1.000000
21 28 1.000000
21 92 1.000000
21 54 1.000000
21 35 1.000000
21 20 1.000000
21 31 1.000000
21 7 1.000000
21 45 1.000000
21 17 1.000000
21 23 1.000000
21 74 1.000000
21 80 1.000000
21 79 1.000000
21 39 1.000000
21 77 1.000000
21 51 1.000000
21 25 1.000000
21 12 1.000000
21 66 1.000000
21 9 1.000000
21 37 1.000000
21 67 1.000000
21 69 1.000000
21 58 1.000000
21 83 1.000000
21 11 1.000000
21 75 1.000000
21 27 1.000000
22 26 1.000000
22 35 1.000000
22 85 1.000000
22 64 1.000000
22 70 1.000000
22 88 1.000000
22 76 1.000000
22 42 1.000000
22 82 1.000000
22 74 1.000000
22 1 1.000000
22 78 1.000000
22 38 1.000000
22 90 1.000000
22 53 1.000000
22 41 1.000000
22 77 1.000000
22 57 1.000000
22 62 1.000000
22 24 1.000000
22 2 1.000000
22 94 1.000000
22 18 1.000000
22 29 1.000000
22 96 1.000000
22 27 1.000000
23 92 1.000000
23 35 1.000000
23 54 1.000000
23 55 1.000000
23 97 1.000000
23 20 1.000000
23 31 1.000000
23 7 1.000000
23 21 1.000000
23 70 1.000000
23 45 1.000000
23 17 1.000000
23 15 1.000000
23 16 1.000000
23 42 1.000000
23 82 1.000000
23 89 1.000000
23 74 1.000000
23 39 1.000000
23 53 1.000000
23 56 1.000000
23 95 1.000000
23 66 1.000000
23 61 1.000000
23 57 1.000000
23 67 1.000000
23 37 1.000000
23 11 1.000000
23 59 1.000000
23 47 1.000000
23 75 1.000000
23 86 1.000000
24 33 1.000000
24 26 1.000000
24 63 1.000000
24 64 1.000000
24 88 1.000000
24 76 1.000000
24 16 1.000000
24 3 1.000000
24 82 1.000000
24 34 1.000000
24 65 1.000000
24 48 1.000000
24 74 1.000000
24 44 1.000000
24 50 1.000000
24 79 1.000000
24 38 1.000000
24 90 1.000000
24 39 1.000000
24 98 1.000000
24 53 1.000000
24 22 1.000000
24 41 1.000000
24 56 1.000000
24 19 1.000000
24 68 1.000000
24 66 1.000000
24 81 1.000000
24 57 1.000000
24 13 1.000000
24 62 1.000000
24 43 1.000000
24 99 1.000000
24 2 1.000000
24 94 1.000000
24 60 1.000000
24 29 1.000000
24 27 1.000000
25 26 1.000000
25 0 1.000000
25 92 1.000000
25 28 1.000000
25 31 1.000000
25 21 1.000000
25 87 1.000000
25 45 1.000000
25 40 1.000000
25 17 1.000000
25 42 1.000000
25 3 1.000000
25 34 1.000000
25 93 1.000000
25 80 1.000000
25 50 1.000000
25 79 1.000000
25 46 1.000000
25 77 1.000000
25 51 1.000000
25 52 1.000000
25 12 1.000000
25 68 1.000000
25 73 1.000000
25 81 1.000000
25 9 1.000000
25 13 1.000000
25 37 1.000000
25 69 1.000000
25 58 1.000000
25 99 1.000000
25 6 1.000000
25 5 1.000000
25 83 1.000000
25 18 1.000000
25 29 1.000000
25 27 1.000000
26 64 1.000000
26 87 1.000000
26 45 1.000000
26 88 1.000000
26 40 1.000000
26 76 1.000000
26 42 1.000000
26 3 1.000000
26 34 1.000000
26 74 1.000000
26 93 1.000000
26 50 1.000000
26 90 1.000000
26 46 1.000000
26 22 1.000000
26 41 1.000000
26 52 1.000000
26 25 1.000000
26 12 1.000000
26 73 1.000000
26 68 1.000000
26 57 1.000000
26 81 1.000000
26 13 1.000000
26 62 1.000000
26 99 1.000000
26 6 1.000000
26 24 1.000000
26 5 1.000000
26 2 1.000000
26 83 1.000000
26 18 1.000000
26 29 1.000000
26 27 1.000000
27 26 1.000000
27 0 1.000000
27 92 1.000000
27 28 1.000000
27 64 1.000000
27 31 1.000000
27 21 1.000000
27 88 1.000000
27 45 1.000000
27 17 1.000000
27 76 1.000000
27 74 1.000000
27 80 1.000000
27 79 1.000000
27 90 1.000000
27 22 1.000000
27 41 1.000000
27 77 1.000000
27 51 1.000000
27 25 1.000000
27 12 1.000000
27 57 1.000000
27 9 1.000000
27 62 1.000000
27 37 1.000000
27 69 1.000000
27 58 1.000000
27 24 1.000000
27 2 1.000000
27 83 1.000000
27 29 1.000000
28 51 1.000000
28 25 1.000000
28 0 1.000000
28 12 1.000000
28 92 1.000000
28 9 1.000000
28 85 1.000000
28 37 1.000000
28 69 1.000000
28 58 1.000000
28 31 1.000000
28 21 1.000000
28 30 1.000000
28 45 1.000000
28 17 1.000000
28 42 1.000000
28 65 1.000000
28 83 1.000000
28 80 1.000000
28 50 1.000000
28 79 1.000000
28 27 1.000000
28 77 1.000000
29 26 1.000000
29 64 1.000000
29 7 1.000000
29 87 1.000000
29 45 1.000000
29 88 1.000000
29 76 1.000000
29 42 1.000000
29 32 1.000000
29 3 1.000000
29 74 1.000000
29 93 1.000000
29 1 1.000000
29 78 1.000000
29 50 1.000000
29 90 1.000000
29 46 1.000000
29 22 1.000000
29 41 1.000000
29 52 1.000000
29 25 1.000000
29 12 1.000000
29 71 1.000000
29 68 1.000000
29 61 1.000000
29 57 1.000000
29 13 1.000000
29 62 1.000000
29 8 1.000000
29 99 1.000000
29 6 1.000000
29 24 1.000000
29 2 1.000000
29 18 1.000000
29 27 1.000000
30 42 1.000000
30 65 1.000000
30 28 1.000000
30 66 1.000000
30 85 1.000000
30 72 1.000000
30 50 1.000000
30 67 1.000000
30 58 1.000000
31 0 1.000000
31 28 1.000000
31 92 1.000000
31 54 1.000000
31 35 1.000000
31 20 1.000000
31 7 1.000000
31 21 1.000000
31 45 1.000000
31 17 1.000000
31 23 1.000000
31 74 1.000000
31 80 1.000000
31 79 1.000000
31 39 1.000000
31 77 1.000000
31 51 1.000000
31 25 1.000000
31 12 1.000000
31 66 1.000000
31 9 1.000000
31 67 1.000000
31 37 1.000000
31 69 1.000000
31 58 1.000000
31 83 1.000000
31 11 1.000000
31 75 1.000000
31 27 1.000000
32 71 1.000000
32 1 1.000000
32 61 1.000000
32 13 1.000000
32 64 1.000000
32 78 1.000000
32 8 1.000000
32 7 1.000000
32 29 1.000000
32 45 1.000000
32 6 1.000000
32 41 1.000000
33 19 1.000000
33 68 1.000000
33 66 1.000000
33 43 1.000000
33 99 1.000000
33 24 1.000000
33 16 1.000000
33 82 1.000000
33 3 1.000000
33 48 1.000000
33 94 1.000000
33 60 1.000000
33 50 1.000000
33 38 1.000000
33 79 1.000000
33 98 1.000000
33 39 1.000000
33 90 1.000000
33 53 1.000000
34 25 1.000000
34 26 1.000000
34 73 1.000000
34 63 1.000000
34 81 1.000000
34 13 1.000000
34 45 1.000000
34 40 1.000000
34 24 1.000000
34 5 1.000000
34 65 1.000000
34 83 1.000000
34 44 1.000000
34 41 1.000000
35 54 1.000000
35 92 1.000000
35 66 1.000000
35 85 1.000000
35 37 1.000000
35 67 1.000000
35 20 1.000000
35 31 1.000000
35 7 1.000000
35 21 1.000000
35 70 1.000000
35 17 1.000000
35 42 1.000000
35 82 1.000000
35 74 1.000000
35 23 1.000000
35 1 1.000000
35 38 1.000000
35 39 1.000000
35 11 1.000000
35 96 1.000000
35 75 1.000000
35 22 1.000000
35 77 1.000000
36 14 1.000000
36 49 1.000000
36 63 1.000000
36 55 1.000000
36 61 1.000000
36 10 1.000000
36 38 1.000000
36 70 1.000000
36 41 1.000000
37 0 1.000000
37 28 1.000000
37 54 1.000000
37 35 1.000000
37 92 1.000000
37 20 1.000000
37 31 1.000000
37 7 1.000000
37 21 1.000000
37 45 1.000000
37 17 1.000000
37 74 1.000000
37 23 1.000000
37 80 1.000000
37 79 1.000000
37 39 1.000000
37 77 1.000000
37 51 1.000000
37 25 1.000000
37 12 1.000000
37 66 1.000000
37 9 1.000000
37 67 1.000000
37 69 1.000000
37 58 1.000000
37 83 1.000000
37 11 1.000000
37 75 1.000000
37 27 1.000000
38 33 1.000000
38 14 1.000000
38 63 1.000000
38 35 1.000000
38 55 1.000000
38 85 1.000000
38 70 1.000000
38 16 1.000000
38 42 1.000000
38 82 1.000000
38 3 1.000000
38 48 1.000000
38 1 1.000000
38 50 1.000000
38 79 1.000000
38 90 1.000000
38 98 1.000000
38 39 1.000000
38 53 1.000000
38 22 1.000000
38 41 1.000000
38 77 1.000000
38 49 1.000000
38 19 1.000000
38 68 1.000000
38 66 1.000000
38 61 1.000000
38 10 1.000000
38 43 1.000000
38 99 1.000000
38 24 1.000000
38 60 1.000000
38 94 1.000000
38 36 1.000000
38 96 1.000000
39 33 1.000000
39 54 1.000000
39 35 1.000000
39 92 1.000000
39 91 1.000000
39 20 1.000000
39 31 1.000000
39 21 1.000000
39 7 1.000000
39 17 1.000000
39 16 1.000000
39 82 1.000000
39 3 1.000000
39 65 1.000000
39 48 1.000000
39 23 1.000000
39 74 1.000000
39 50 1.000000
39 79 1.000000
39 38 1.000000
39 98 1.000000
39 90 1.000000
39 53 1.000000
39 56 1.000000
39 41 1.000000
39 19 1.000000
39 68 1.000000
39 66 1.000000
39 67 1.000000
39 43 1.000000
39 37 1.000000
39 99 1.000000
39 24 1.000000
39 2 1.000000
39 60 1.000000
39 94 1.000000
39 11 1.000000
39 59 1.000000
39 84 1.000000
39 75 1.000000
40 5 1.000000
40 25 1.000000
40 26 1.000000
40 34 1.000000
40 73 1.000000
40 83 1.000000
40 81 1.000000
40 13 1.000000
40 45 1.000000
41 14 1.000000
41 26 1.000000
41 63 1.000000
41 55 1.000000
41 64 1.000000
41 91 1.000000
41 7 1.000000
41 88 1.000000
41 45 1.000000
41 70 1.000000
41 76 1.000000
41 32 1.000000
41 65 1.000000
41 34 1.000000
41 48 1.000000
41 1 1.000000
41 74 1.000000
41 50 1.000000
41 44 1.000000
41 78 1.000000
41 38 1.000000
41 90 1.000000
41 39 1.000000
41 22 1.000000
41 56 1.000000
41 49 1.000000
41 71 1.000000
41 81 1.000000
41 61 1.000000
41 57 1.000000
41 13 1.000000
41 10 1.000000
41 62 1.000000
41 8 1.000000
41 6 1.000000
41 24 1.000000
41 2 1.000000
41 36 1.000000
41 29 1.000000
41 84 1.000000
41 27 1.000000
42 26 1.000000
42 28 1.000000
42 35 1.000000
42 55 1.000000
42 97 1.000000
42 85 1.000000
42 87 1.000000
42 70 1.000000
42 30 1.000000
42 45 1.000000
42 16 1.000000
42 15 1.000000
42 82 1.000000
42 3 1.000000
42 65 1.000000
42 93 1.000000
42 1 1.000000
42 23 1.000000
42 50 1.000000
42 38 1.000000
42 53 1.000000
42 46 1.000000
42 22 1.000000
42 77 1.000000
42 52 1.000000
42 25 1.000000
42 12 1.000000
42 68 1.000000
42 61 1.000000
42 99 1.000000
42 6 1.000000
42 18 1.000000
42 29 1.000000
42 96 1.000000
42 47 1.000000
42 59 1.000000
42 86 1.000000
43 33 1.000000
43 19 1.000000
43 68 1.000000
43 73 1.000000
43 66 1.000000
43 99 1.000000
43 24 1.000000
43 5 1.000000
43 16 1.000000
43 3 1.000000
43 82 1.000000
43 48 1.000000
43 94 1.000000
43 60 1.000000
43 50 1.000000
43 38 1.000000
43 79 1.000000
43 39 1.000000
43 98 1.000000
43 90 1.000000
43 53 1.000000
44 95 1.000000
44 49 1.000000
44 63 1.000000
44 81 1.000000
44 97 1.000000
44 13 1.000000
44 62 1.000000
44 4 1.000000
44 87 1.000000
44 24 1.000000
44 5 1.000000
44 65 1.000000
44 34 1.000000
44 83 1.000000
44 1 1.000000
44 90 1.000000
44 53 1.000000
44 18 1.000000
44 41 1.000000
45 26 1.000000
45 92 1.000000
45 55 1.000000
45 64 1.000000
45 97 1.000000
45 31 1.000000
45 87 1.000000
45 40 1.000000
45 32 1.000000
45 16 1.000000
45 1 1.000000
45 93 1.000000
45 23 1.000000
45 80 1.000000
45 78 1.000000
45 79 1.000000
45 53 1.000000
45 46 1.000000
45 41 1.000000
45 77 1.000000
45 51 1.000000
45 25 1.000000
45 12 1.000000
45 71 1.000000
45 73 1.000000
45 9 1.000000
45 37 1.000000
45 6 1.000000
45 83 1.000000
45 18 1.000000
45 0 1.000000
45 28 1.000000
45 7 1.000000
45 21 1.000000
45 17 1.000000
45 42 1.000000
45 15 1.000000
45 3 1.000000
45 34 1.000000
45 50 1.000000
45 52 1.000000
45 68 1.000000
45 81 1.000000
45 61 1.000000
45 13 1.000000
45 8 1.000000
45 69 1.000000
45 58 1.000000
45 99 1.000000
45 5 1.000000
45 59 1.000000
45 29 1.000000
45 47 1.000000
45 27 1.000000
45 86 1.000000
46 25 1.000000
46 52 1.000000
46 26 1.000000
46 12 1.000000
46 68 1.000000
46 99 1.000000
46 87 1.000000
46 45 1.000000
46 6 1.000000
46 42 1.000000
46 3 1.000000
46 93 1.000000
46 50 1.000000
46 18 1.000000
46 29 1.000000
47 16 1.000000
47 15 1.000000
47 5 1.000000
47 42 1.000000
47 23 1.000000
47 55 1.000000
47 61 1.000000
47 97 1.000000
47 53 1.000000
47 59 1.000000
47 45 1.000000
47 86 1.000000
48 33 1.000000
48 19 1.000000
48 68 1.000000
48 66 1.000000
48 91 1.000000
48 43 1.000000
48 99 1.000000
48 24 1.000000
48 16 1.000000
48 3 1.000000
48 82 1.000000
48 65 1.000000
48 60 1.000000
48 94 1.000000
48 50 1.000000
48 38 1.000000
48 79 1.000000
48 90 1.000000
48 98 1.000000
48 39 1.000000
48 53 1.000000
48 84 1.000000
48 41 1.000000
48 56 1.000000
49 95 1.000000
49 14 1.000000
49 63 1.000000
49 61 1.000000
49 55 1.000000
49 97 1.000000
49 4 1.000000
49 10 1.000000
49 62 1.000000
49 87 1.000000
49 70 1.000000
49 83 1.000000
49 44 1.000000
49 36 1.000000
49 38 1.000000
49 90 1.000000
49 53 1.000000
49 18 1.000000
49 41 1.000000
50 33 1.000000
50 26 1.000000
50 28 1.000000
50 85 1.000000
50 91 1.000000
50 87 1.000000
50 45 1.000000
50 30 1.000000
50 42 1.000000
50 16 1.000000
50 3 1.000000
50 82 1.000000
50 65 1.000000
50 48 1.000000
50 93 1.000000
50 38 1.000000
50 79 1.000000
50 39 1.000000
50 90 1.000000
50 98 1.000000
50 53 1.000000
50 46 1.000000
50 41 1.000000
50 56 1.000000
50 25 1.000000
50 52 1.000000
50 12 1.000000
50 19 1.000000
50 68 1.000000
50 66 1.000000
50 61 1.000000
50 43 1.000000
50 99 1.000000
50 6 1.000000
50 24 1.000000
50 60 1.000000
50 94 1.000000
50 18 1.000000
50 29 1.000000
50 84 1.000000
51 25 1.000000
51 12 1.000000
51 0 1.000000
51 92 1.000000
51 28 1.000000
51 9 1.000000
51 37 1.000000
51 69 1.000000
51 58 1.000000
51 31 1.000000
51 21 1.000000
51 45 1.000000
51 17 1.000000
51 83 1.000000
51 80 1.000000
51 79 1.000000
51 27 1.000000
51 77 1.000000
52 25 1.000000
52 26 1.000000
52 12 1.000000
52 68 1.000000
52 99 1.000000
52 87 1.000000
52 6 1.000000
52 45 1.000000
52 42 1.000000
52 3 1.000000
52 93 1.000000
52 50 1.000000
52 18 1.000000
52 46 1.000000
52 29 1.000000
53 33 1.000000
53 55 1.000000
53 97 1.000000
53 87 1.000000
53 45 1.000000
53 42 1.000000
53 15 1.000000
53 16 1.000000
53 82 1.000000
53 3 1.000000
53 48 1.000000
53 23 1.000000
53 44 1.000000
53 50 1.000000
53 38 1.000000
53 79 1.000000
53 90 1.000000
53 39 1.000000
53 98 1.000000
53 22 1.000000
53 95 1.000000
53 49 1.000000
53 19 1.000000
53 68 1.000000
53 66 1.000000
53 61 1.000000
53 4 1.000000
53 62 1.000000
53 43 1.000000
53 99 1.000000
53 24 1.000000
53 83 1.000000
53 60 1.000000
53 94 1.000000
53 18 1.000000
53 59 1.000000
53 47 1.000000
53 86 1.000000
54 35 1.000000
54 66 1.000000
54 92 1.000000
54 37 1.000000
54 67 1.000000
54 20 1.000000
54 31 1.000000
54 7 1.000000
54 21 1.000000
54 17 1.000000
54 74 1.000000
54 23 1.000000
54 39 1.000000
54 11 1.000000
54 75 1.000000
55 14 1.000000
55 49 1.000000
55 63 1.000000
55 61 1.000000
55 97 1.000000
55 10 1.000000
55 45 1.000000
55 70 1.000000
55 15 1.000000
55 16 1.000000
55 42 1.000000
55 23 1.000000
55 36 1.000000
55 38 1.000000
55 53 1.000000
55 59 1.000000
55 47 1.000000
55 41 1.000000
55 86 1.000000
56 95 1.000000
56 66 1.000000
56 57 1.000000
56 91 1.000000
56 70 1.000000
56 24 1.000000
56 16 1.000000
56 82 1.000000
56 3 1.000000
56 65 1.000000
56 89 1.000000
56 48 1.000000
56 23 1.000000
56 60 1.000000
56 50 1.000000
56 39 1.000000
56 84 1.000000
56 75 1.000000
56 41 1.000000
57 95 1.000000
57 26 1.000000
57 66 1.000000
57 64 1.000000
57 62 1.000000
57 70 1.000000
57 88 1.000000
57 24 1.000000
57 76 1.000000
57 2 1.000000
57 82 1.000000
57 89 1.000000
57 74 1.000000
57 23 1.000000
57 90 1.000000
57 29 1.000000
57 75 1.000000
57 22 1.000000
57 27 1.000000
57 56 1.000000
57 41 1.000000
58 51 1.000000
58 25 1.000000
58 0 1.000000
58 12 1.000000
58 92 1.000000
58 28 1.000000
58 66 1.000000
58 9 1.000000
58 72 1.000000
58 67 1.000000
58 37 1.000000
58 69 1.000000
58 31 1.000000
58 21 1.000000
58 45 1.000000
58 30 1.000000
58 17 1.000000
58 83 1.000000
58 80 1.000000
58 79 1.000000
58 27 1.000000
58 77 1.000000
59 55 1.000000
59 61 1.000000
59 97 1.000000
59 45 1.000000
59 42 1.000000
59 15 1.000000
59 16 1.000000
59 2 1.000000
59 23 1.000000
59 39 1.000000
59 53 1.000000
59 47 1.000000
59 86 1.000000
60 33 1.000000
60 19 1.000000
60 68 1.000000
60 66 1.000000
60 43 1.000000
60 99 1.000000
60 24 1.000000
60 16 1.000000
60 82 1.000000
60 3 1.000000
60 48 1.000000
60 94 1.000000
60 50 1.000000
60 38 1.000000
60 79 1.000000
60 90 1.000000
60 39 1.000000
60 98 1.000000
60 53 1.000000
60 56 1.000000
61 14 1.000000
61 63 1.000000
61 55 1.000000
61 64 1.000000
61 97 1.000000
61 7 1.000000
61 70 1.000000
61 45 1.000000
61 16 1.000000
61 32 1.000000
61 42 1.000000
61 15 1.000000
61 1 1.000000
61 23 1.000000
61 78 1.000000
61 50 1.000000
61 38 1.000000
61 98 1.000000
61 53 1.000000
61 41 1.000000
61 49 1.000000
61 71 1.000000
61 13 1.000000
61 10 1.000000
61 8 1.000000
61 6 1.000000
61 36 1.000000
61 59 1.000000
61 29 1.000000
61 47 1.000000
61 86 1.000000
62 95 1.000000
62 26 1.000000
62 49 1.000000
62 57 1.000000
62 64 1.000000
62 97 1.000000
62 4 1.000000
62 87 1.000000
62 88 1.000000
62 76 1.000000
62 24 1.000000
62 2 1.000000
62 83 1.000000
62 74 1.000000
62 44 1.000000
62 90 1.000000
62 53 1.000000
62 18 1.000000
62 29 1.000000
62 22 1.000000
62 27 1.000000
62 41 1.000000
63 14 1.000000
63 49 1.000000
63 81 1.000000
63 61 1.000000
63 55 1.000000
63 13 1.000000
63 10 1.000000
63 70 1.000000
63 24 1.000000
63 65 1.000000
63 34 1.000000
63 44 1.000000
63 36 1.000000
63 38 1.000000
63 41 1.000000
64 26 1.000000
64 71 1.000000
64 61 1.000000
64 57 1.000000
64 13 1.000000
64 62 1.000000
64 8 1.000000
64 7 1.000000
64 45 1.000000
64 6 1.000000
64 88 1.000000
64 24 1.000000
64 76 1.000000
64 32 1.000000
64 2 1.000000
64 1 1.000000
64 74 1.000000
64 78 1.000000
64 90 1.000000
64 29 1.000000
64 22 1.000000
64 27 1.000000
64 41 1.000000
65 28 1.000000
65 63 1.000000
65 81 1.000000
65 13 1.000000
65 85 1.000000
65 91 1.000000
65 30 1.000000
65 24 1.000000
65 42 1.000000
65 34 1.000000
65 48 1.000000
65 44 1.000000
65 50 1.000000
65 39 1.000000
65 84 1.000000
65 41 1.000000
65 56 1.000000
66 33 1.000000
66 54 1.000000
66 92 1.000000
66 35 1.000000
66 20 1.000000
66 31 1.000000
66 7 1.000000
66 21 1.000000
66 70 1.000000
66 30 1.000000
66 17 1.000000
66 16 1.000000
66 3 1.000000
66 82 1.000000
66 89 1.000000
66 48 1.000000
66 23 1.000000
66 74 1.000000
66 50 1.000000
66 79 1.000000
66 38 1.000000
66 90 1.000000
66 39 1.000000
66 98 1.000000
66 53 1.000000
66 56 1.000000
66 95 1.000000
66 19 1.000000
66 68 1.000000
66 57 1.000000
66 72 1.000000
66 43 1.000000
66 67 1.000000
66 37 1.000000
66 99 1.000000
66 58 1.000000
66 24 1.000000
66 60 1.000000
66 94 1.000000
66 11 1.000000
66 75 1.000000
67 35 1.000000
67 66 1.000000
67 54 1.000000
67 92 1.000000
67 72 1.000000
67 37 1.000000
67 20 1.000000
67 58 1.000000
67 31 1.000000
67 7 1.000000
67 21 1.000000
67 30 1.000000
67 17 1.000000
67 23 1.000000
67 74 1.000000
67 39 1.000000
67 11 1.000000
67 75 1.000000
68 33 1.000000
68 26 1.000000
68 87 1.000000
68 45 1.000000
68 16 1.000000
68 42 1.000000
68 82 1.000000
68 3 1.000000
68 48 1.000000
68 93 1.000000
68 50 1.000000
68 79 1.000000
68 38 1.000000
68 98 1.000000
68 39 1.000000
68 90 1.000000
68 53 1.000000
68 46 1.000000
68 52 1.000000
68 25 1.000000
68 12 1.000000
68 19 1.000000
68 66 1.000000
68 43 1.000000
68 99 1.000000
68 6 1.000000
68 24 1.000000
68 60 1.000000
68 94 1.000000
68 18 1.000000
68 29 1.000000
69 51 1.000000
69 25 1.000000
69 0 1.000000
69 12 1.000000
69 28 1.000000
69 92 1.000000
69 9 1.000000
69 37 1.000000
69 58 1.000000
69 31 1.000000
69 21 1.000000
69 45 1.000000
69 17 1.000000
69 83 1.000000
69 80 1.000000
69 79 1.000000
69 27 1.000000
69 77 1.000000
70 14 1.000000
70 95 1.000000
70 49 1.000000
70 66 1.000000
70 63 1.000000
70 35 1.000000
70 57 1.000000
70 61 1.000000
70 55 1.000000
70 85 1.000000
70 10 1.000000
70 42 1.000000
70 82 1.000000
70 89 1.000000
70 23 1.000000
70 1 1.000000
70 36 1.000000
70 38 1.000000
70 96 1.000000
70 22 1.000000
70 75 1.000000
70 56 1.000000
70 41 1.000000
70 77 1.000000
71 32 1.000000
71 1 1.000000
71 61 1.000000
71 13 1.000000
71 64 1.000000
71 78 1.000000
71 8 1.000000
71 7 1.000000
71 29 1.000000
71 6 1.000000
71 45 1.000000
71 41 1.000000
72 66 1.000000
72 67 1.000000
72 58 1.000000
72 30 1.000000
73 5 1.000000
73 26 1.000000
73 25 1.000000
73 34 1.000000
73 83 1.000000
73 81 1.000000
73 13 1.000000
73 43 1.000000
73 98 1.000000
73 45 1.000000
73 40 1.000000
74 26 1.000000
74 35 1.000000
74 92 1.000000
74 54 1.000000
74 64 1.000000
74 20 1.000000
74 31 1.000000
74 7 1.000000
74 21 1.000000
74 88 1.000000
74 17 1.000000
74 76 1.000000
74 23 1.000000
74 90 1.000000
74 39 1.000000
74 22 1.000000
74 41 1.000000
74 66 1.000000
74 57 1.000000
74 62 1.000000
74 37 1.000000
74 67 1.000000
74 24 1.000000
74 2 1.000000
74 11 1.000000
74 29 1.000000
74 75 1.000000
74 27 1.000000
75 95 1.000000
75 35 1.000000
75 54 1.000000
75 92 1.000000
75 66 1.000000
75 57 1.000000
75 37 1.000000
75 67 1.000000
75 20 1.000000
75 31 1.000000
75 21 1.000000
75 7 1.000000
75 70 1.000000
75 17 1.000000
75 82 1.000000
75 89 1.000000
75 74 1.000000
75 23 1.000000
75 39 1.000000
75 11 1.000000
75 56 1.000000
76 26 1.000000
76 57 1.000000
76 64 1.000000
76 62 1.000000
76 88 1.000000
76 24 1.000000
76 2 1.000000
76 74 1.000000
76 90 1.000000
76 29 1.000000
76 22 1.000000
76 41 1.000000
76 27 1.000000
77 0 1.000000
77 92 1.000000
77 35 1.000000
77 28 1.000000
77 85 1.000000
77 31 1.000000
77 21 1.000000
77 70 1.000000
77 45 1.000000
77 17 1.000000
77 42 1.000000
77 82 1.000000
77 1 1.000000
77 80 1.000000
77 38 1.000000
77 79 1.000000
77 22 1.000000
77 51 1.000000
77 25 1.000000
77 12 1.000000
77 9 1.000000
77 37 1.000000
77 69 1.000000
77 58 1.000000
77 83 1.000000
77 96 1.000000
77 27 1.000000
78 71 1.000000
78 61 1.000000
78 13 1.000000
78 64 1.000000
78 8 1.000000
78 7 1.000000
78 6 1.000000
78 45 1.000000
78 32 1.000000
78 1 1.000000
78 94 1.000000
78 18 1.000000
78 29 1.000000
78 22 1.000000
78 41 1.000000
79 33 1.000000
79 0 1.000000
79 28 1.000000
79 92 1.000000
79 31 1.000000
79 21 1.000000
79 45 1.000000
79 17 1.000000
79 16 1.000000
79 3 1.000000
79 82 1.000000
79 48 1.000000
79 80 1.000000
79 50 1.000000
79 38 1.000000
79 39 1.000000
79 98 1.000000
79 90 1.000000
79 53 1.000000
79 77 1.000000
79 51 1.000000
79 25 1.000000
79 19 1.000000
79 12 1.000000
79 68 1.000000
79 66 1.000000
79 9 1.000000
79 43 1.000000
79 37 1.000000
79 69 1.000000
79 99 1.000000
79 58 1.000000
79 24 1.000000
79 83 1.000000
79 60 1.000000
79 94 1.000000
79 27 1.000000
80 51 1.000000
80 25 1.000000
80 12 1.000000
80 0 1.000000
80 92 1.000000
80 28 1.000000
80 9 1.000000
80 37 1.000000
80 69 1.000000
80 58 1.000000
80 31 1.000000
80 21 1.000000
80 45 1.000000
80 17 1.000000
80 83 1.000000
80 79 1.000000
80 27 1.000000
80 77 1.000000
81 25 1.000000
81 26 1.000000
81 73 1.000000
81 63 1.000000
81 13 1.000000
81 7 1.000000
81 45 1.000000
81 40 1.000000
81 24 1.000000
81 5 1.000000
81 34 1.000000
81 65 1.000000
81 83 1.000000
81 44 1.000000
81 41 1.000000
82 33 1.000000
82 35 1.000000
82 85 1.000000
82 70 1.000000
82 16 1.000000
82 42 1.000000
82 3 1.000000
82 48 1.000000
82 89 1.000000
82 23 1.000000
82 1 1.000000
82 50 1.000000
82 38 1.000000
82 79 1.000000
82 98 1.000000
82 39 1.000000
82 90 1.000000
82 53 1.000000
82 22 1.000000
82 56 1.000000
82 77 1.000000
82 95 1.000000
82 19 1.000000
82 68 1.000000
82 66 1.000000
82 57 1.000000
82 43 1.000000
82 99 1.000000
82 24 1.000000
82 94 1.000000
82 60 1.000000
82 96 1.000000
82 75 1.000000
83 26 1.000000
83 0 1.000000
83 28 1.000000
83 92 1.000000
83 97 1.000000
83 31 1.000000
83 21 1.000000
83 87 1.000000
83 45 1.000000
83 17 1.000000
83 40 1.000000
83 34 1.000000
83 80 1.000000
83 44 1.000000
83 79 1.000000
83 90 1.000000
83 53 1.000000
83 77 1.000000
83 51 1.000000
83 95 1.000000
83 49 1.000000
83 25 1.000000
83 12 1.000000
83 73 1.000000
83 81 1.000000
83 9 1.000000
83 13 1.000000
83 62 1.000000
83 4 1.000000
83 37 1.000000
83 69 1.000000
83 58 1.000000
83 5 1.000000
83 18 1.000000
83 27 1.000000
84 65 1.000000
84 48 1.000000
84 50 1.000000
84 91 1.000000
84 39 1.000000
84 41 1.000000
84 56 1.000000
85 35 1.000000
85 28 1.000000
85 30 1.000000
85 70 1.000000
85 42 1.000000
85 82 1.000000
85 65 1.000000
85 1 1.000000
85 50 1.000000
85 38 1.000000
85 96 1.000000
85 22 1.000000
85 77 1.000000
86 15 1.000000
86 16 1.000000
86 42 1.000000
86 23 1.000000
86 55 1.000000
86 61 1.000000
86 97 1.000000
86 53 1.000000
86 47 1.000000
86 59 1.000000
86 45 1.000000
87 95 1.000000
87 49 1.000000
87 26 1.000000
87 25 1.000000
87 52 1.000000
87 12 1.000000
87 68 1.000000
87 97 1.000000
87 62 1.000000
87 4 1.000000
87 99 1.000000
87 6 1.000000
87 45 1.000000
87 42 1.000000
87 3 1.000000
87 83 1.000000
87 93 1.000000
87 50 1.000000
87 44 1.000000
87 90 1.000000
87 53 1.000000
87 18 1.000000
87 46 1.000000
87 29 1.000000
88 26 1.000000
88 57 1.000000
88 64 1.000000
88 62 1.000000
88 24 1.000000
88 76 1.000000
88 2 1.000000
88 74 1.000000
88 90 1.000000
88 29 1.000000
88 22 1.000000
88 41 1.000000
88 27 1.000000
89 95 1.000000
89 82 1.000000
89 66 1.000000
89 23 1.000000
89 57 1.000000
89 75 1.000000
89 70 1.000000
89 56 1.000000
90 33 1.000000
90 26 1.000000
90 97 1.000000
90 64 1.000000
90 87 1.000000
90 88 1.000000
90 76 1.000000
90 16 1.000000
90 3 1.000000
90 82 1.000000
90 48 1.000000
90 74 1.000000
90 50 1.000000
90 44 1.000000
90 38 1.000000
90 79 1.000000
90 98 1.000000
90 39 1.000000
90 53 1.000000
90 22 1.000000
90 41 1.000000
90 95 1.000000
90 49 1.000000
90 19 1.000000
90 68 1.000000
90 66 1.000000
90 57 1.000000
90 4 1.000000
90 62 1.000000
90 43 1.000000
90 99 1.000000
90 24 1.000000
90 2 1.000000
90 83 1.000000
90 94 1.000000
90 60 1.000000
90 18 1.000000
90 29 1.000000
90 27 1.000000
91 65 1.000000
91 48 1.000000
91 50 1.000000
91 39 1.000000
91 84 1.000000
91 41 1.000000
91 56 1.000000
92 0 1.000000
92 28 1.000000
92 35 1.000000
92 54 1.000000
92 20 1.000000
92 31 1.000000
92 7 1.000000
92 21 1.000000
92 45 1.000000
92 17 1.000000
92 23 1.000000
92 74 1.000000
92 80 1.000000
92 79 1.000000
92 39 1.000000
92 77 1.000000
92 51 1.000000
92 25 1.000000
92 12 1.000000
92 66 1.000000
92 9 1.000000
92 67 1.000000
92 37 1.000000
92 69 1.000000
92 58 1.000000
92 83 1.000000
92 11 1.000000
92 75 1.000000
92 27 1.000000
93 26 1.000000
93 52 1.000000
93 25 1.000000
93 12 1.000000
93 68 1.000000
93 99 1.000000
93 87 1.000000
93 6 1.000000
93 45 1.000000
93 42 1.000000
93 3 1.000000
93 50 1.000000
93 18 1.000000
93 46 1.000000
93 29 1.000000
94 33 1.000000
94 19 1.000000
94 68 1.000000
94 66 1.000000
94 43 1.000000
94 99 1.000000
94 24 1.000000
94 16 1.000000
94 82 1.000000
94 3 1.000000
94 48 1.000000
94 1 1.000000
94 60 1.000000
94 78 1.000000
94 50 1.000000
94 79 1.000000
94 38 1.000000
94 90 1.000000
94 39 1.000000
94 98 1.000000
94 53 1.000000
94 18 1.000000
94 22 1.000000
95 49 1.000000
95 66 1.000000
95 57 1.000000
95 97 1.000000
95 62 1.000000
95 4 1.000000
95 87 1.000000
95 70 1.000000
95 82 1.000000
95 89 1.000000
95 83 1.000000
95 23 1.000000
95 44 1.000000
95 90 1.000000
95 53 1.000000
95 18 1.000000
95 75 1.000000
95 56 1.000000
96 42 1.000000
96 82 1.000000
96 35 1.000000
96 1 1.000000
96 85 1.000000
96 38 1.000000
96 22 1.000000
96 70 1.000000
96 77 1.000000
97 95 1.000000
97 49 1.000000
97 61 1.000000
97 55 1.000000
97 62 1.000000
97 4 1.000000
97 87 1.000000
97 45 1.000000
97 42 1.000000
97 15 1.000000
97 16 1.000000
97 83 1.000000
97 23 1.000000
97 44 1.000000
97 90 1.000000
97 53 1.000000
97 18 1.000000
97 59 1.000000
97 47 1.000000
97 86 1.000000
98 33 1.000000
98 19 1.000000
98 73 1.000000
98 68 1.000000
98 66 1.000000
98 61 1.000000
98 43 1.000000
98 99 1.000000
98 24 1.000000
98 5 1.000000
98 16 1.000000
98 3 1.000000
98 82 1.000000
98 48 1.000000
98 60 1.000000
98 94 1.000000
98 50 1.000000
98 38 1.000000
98 79 1.000000
98 39 1.000000
98 90 1.000000
98 53 1.000000
99 33 1.000000
99 26 1.000000
99 87 1.000000
99 45 1.000000
99 42 1.000000
99 16 1.000000
99 3 1.000000
99 82 1.000000
99 48 1.000000
99 93 1.000000
99 50 1.000000
99 38 1.000000
99 79 1.000000
99 39 1.000000
99 98 1.000000
99 90 1.000000
99 53 1.000000
99 46 1.000000
99 52 1.000000
99 25 1.000000
99 19 1.000000
99 12 1.000000
99 68 1.000000
99 66 1.000000
99 43 1.000000
99 6 1.000000
99 24 1.000000
99 60 1.000000
99 94 1.000000
99 18 1.000000
99 29 1.000000
END
#################################################################
SECTION4 (TrueSubGraph Information)
EndPoint0 EndPoint1 Weight
END
#################################################################
