BATTERY 0.869565 0.200000 0.325203 0.818182 0.818182 0.818182 4373.177991
BATTERY 0.958333 0.230000 0.370968 0.818182 0.818182 0.818182 3838.258542
BATTERY 1.000000 0.240000 0.387097 0.818182 0.818182 0.818182 3623.935296
BATTERY 1.000000 0.220000 0.360656 0.818182 0.818182 0.818182 3562.503927
BATTERY 1.000000 0.240000 0.387097 0.818182 0.818182 0.818182 3833.736416
BATTERY 0.857143 0.180000 0.297521 0.818182 0.818182 0.818182 3903.068873
BATTERY 0.958333 0.230000 0.370968 0.818182 0.818182 0.818182 3978.948328
BATTERY 1.000000 0.230000 0.373984 0.818182 0.818182 0.818182 4345.987293
BATTERY 1.000000 0.230000 0.373984 0.818182 0.818182 0.818182 4256.812650
BATTERY 0.958333 0.230000 0.370968 0.818182 0.818182 0.818182 4260.346907
BATTERY 1.000000 0.220000 0.360656 0.909091 0.909091 0.909091 3846.630152
BATTERY 0.956522 0.220000 0.357724 0.818182 0.818182 0.818182 4040.090893
BATTERY 0.913043 0.210000 0.341463 0.818182 0.818182 0.818182 3882.323188
BATTERY 1.000000 0.210000 0.347107 0.818182 0.818182 0.818182 3671.066922
BATTERY 0.833333 0.200000 0.322581 0.772727 0.772727 0.772727 4224.739169
BATTERY 0.913043 0.210000 0.341463 0.818182 0.818182 0.818182 3997.026631
BATTERY 1.000000 0.220000 0.360656 0.818182 0.818182 0.818182 3765.179976
BATTERY 0.913043 0.210000 0.341463 0.818182 0.818182 0.818182 4099.248452
BATTERY 1.000000 0.240000 0.387097 0.818182 0.818182 0.818182 4126.193458
BATTERY 0.909091 0.200000 0.327869 0.818182 0.818182 0.818182 3914.827326
BATTERY 1.000000 0.240000 0.387097 0.818182 0.818182 0.818182 4128.524288
BATTERY 0.761905 0.160000 0.264463 0.863636 0.863636 0.863636 3852.565703
BATTERY 0.916667 0.220000 0.354839 0.818182 0.818182 0.818182 4114.838311
BATTERY 0.750000 0.150000 0.250000 0.818182 0.818182 0.818182 3917.416828
BATTERY 0.826087 0.190000 0.308943 0.818182 0.818182 0.818182 3949.839377
BATTERY 0.800000 0.160000 0.266667 0.818182 0.818182 0.818182 3768.061064
BATTERY 0.809524 0.170000 0.280992 0.818182 0.818182 0.818182 3834.657530
BATTERY 0.826087 0.190000 0.308943 0.818182 0.818182 0.818182 3966.687365
BATTERY 0.880000 0.220000 0.352000 0.818182 0.818182 0.818182 3956.288099
BATTERY 0.954545 0.210000 0.344262 0.818182 0.818182 0.818182 3997.494373
BATTERY 1.000000 0.230000 0.373984 0.818182 0.818182 0.818182 3915.120766
BATTERY 1.000000 0.220000 0.360656 0.818182 0.818182 0.818182 4043.614489
BATTERY 0.863636 0.190000 0.311475 0.863636 0.863636 0.863636 3698.715164
BATTERY 0.958333 0.230000 0.370968 0.818182 0.818182 0.818182 3887.501265
BATTERY 0.913043 0.210000 0.341463 0.772727 0.772727 0.772727 4138.599518
BATTERY 1.000000 0.240000 0.387097 0.818182 0.818182 0.818182 4114.575930
BATTERY 0.954545 0.210000 0.344262 0.818182 0.818182 0.818182 3953.459859
BATTERY 1.000000 0.230000 0.373984 0.818182 0.818182 0.818182 4094.263220
BATTERY 0.920000 0.230000 0.368000 0.818182 0.818182 0.818182 4104.572553
BATTERY 0.956522 0.220000 0.357724 0.818182 0.818182 0.818182 3950.346986
BATTERY 1.000000 0.230000 0.373984 0.772727 0.772727 0.772727 3982.191000
BATTERY 0.826087 0.190000 0.308943 0.818182 0.818182 0.818182 3912.607289
BATTERY 0.909091 0.200000 0.327869 0.818182 0.818182 0.818182 3805.056268
BATTERY 1.000000 0.230000 0.373984 0.818182 0.818182 0.818182 3906.567899
BATTERY 0.954545 0.210000 0.344262 0.863636 0.863636 0.863636 3723.159210
BATTERY 0.826087 0.190000 0.308943 0.818182 0.818182 0.818182 4398.222824
BATTERY 1.000000 0.240000 0.387097 0.818182 0.818182 0.818182 3954.870502
BATTERY 0.913043 0.210000 0.341463 0.818182 0.818182 0.818182 4034.019517
BATTERY 1.000000 0.200000 0.333333 0.863636 0.863636 0.863636 4300.221345
BATTERY 0.913043 0.210000 0.341463 0.818182 0.818182 0.818182 4322.075889
BATTERY 0.956522 0.220000 0.357724 0.818182 0.818182 0.818182 4442.528063
BATTERY 1.000000 0.200000 0.333333 0.772727 0.772727 0.772727 4116.445972
