BURGLARY 1.000000 0.210000 0.347107 0.800000 0.800000 0.800000 3999.532690
BURGLARY 1.000000 0.200000 0.333333 0.800000 0.800000 0.800000 4344.057451
BURGLARY 1.000000 0.200000 0.333333 0.800000 0.800000 0.800000 4101.346570
BURGLARY 0.950000 0.190000 0.316667 0.800000 0.800000 0.800000 4031.436505
BURGLARY 1.000000 0.200000 0.333333 0.800000 0.800000 0.800000 4584.953919
BURGLARY 1.000000 0.230000 0.373984 0.800000 0.800000 0.800000 4796.758589
BURGLARY 1.000000 0.200000 0.333333 0.800000 0.800000 0.800000 4677.081040
BURGLARY 0.954545 0.210000 0.344262 1.000000 1.000000 1.000000 3838.007750
BURGLARY 0.944444 0.170000 0.288136 0.800000 0.800000 0.800000 4826.522564
BURGLARY 1.000000 0.200000 0.333333 0.800000 0.800000 0.800000 4948.538360
BURGLARY 1.000000 0.200000 0.333333 0.800000 0.800000 0.800000 4363.059649
BURGLARY 1.000000 0.130000 0.230088 0.800000 0.800000 0.800000 4999.205171
BURGLARY 1.000000 0.200000 0.333333 1.000000 1.000000 1.000000 4816.857130
BURGLARY 1.000000 0.230000 0.373984 0.800000 0.800000 0.800000 4384.938762
BURGLARY 1.000000 0.130000 0.230088 0.800000 0.800000 0.800000 4528.715925
BURGLARY 1.000000 0.200000 0.333333 0.800000 0.800000 0.800000 4597.418853
BURGLARY 0.600000 0.150000 0.240000 0.800000 0.800000 0.800000 4061.897226
BURGLARY 0.900000 0.180000 0.300000 0.800000 0.800000 0.800000 4661.106881
BURGLARY 1.000000 0.200000 0.333333 0.800000 0.800000 0.800000 4706.138998
BURGLARY 1.000000 0.200000 0.333333 0.800000 0.800000 0.800000 4489.694456
BURGLARY 1.000000 0.210000 0.347107 0.800000 0.800000 0.800000 4963.197834
BURGLARY 0.529412 0.090000 0.153846 0.600000 0.600000 0.600000 4882.929762
BURGLARY 1.000000 0.130000 0.230088 0.800000 0.800000 0.800000 4487.879116
BURGLARY 0.785714 0.220000 0.343750 0.800000 0.800000 0.800000 3755.648977
BURGLARY 1.000000 0.200000 0.333333 0.800000 0.800000 0.800000 5136.706986
BURGLARY 1.000000 0.130000 0.230088 0.800000 0.800000 0.800000 5055.140917
BURGLARY 1.000000 0.200000 0.333333 0.800000 0.800000 0.800000 4692.383949
BURGLARY 1.000000 0.200000 0.333333 0.800000 0.800000 0.800000 4706.096349
BURGLARY 1.000000 0.200000 0.333333 0.800000 0.800000 0.800000 4907.770624
BURGLARY 0.555556 0.100000 0.169492 0.800000 0.800000 0.800000 4896.885073
BURGLARY 1.000000 0.200000 0.333333 0.800000 0.800000 0.800000 4615.728941
BURGLARY 0.647059 0.110000 0.188034 0.800000 0.800000 0.800000 4713.551019
BURGLARY 0.680000 0.170000 0.272000 0.800000 0.800000 0.800000 4172.895818
BURGLARY 0.900000 0.180000 0.300000 0.800000 0.800000 0.800000 4661.229727
BURGLARY 0.840000 0.210000 0.336000 0.800000 0.800000 0.800000 4120.400224
BURGLARY 1.000000 0.200000 0.333333 0.800000 0.800000 0.800000 4716.884087
BURGLARY 1.000000 0.180000 0.305085 0.800000 0.800000 0.800000 4658.045928
BURGLARY 1.000000 0.200000 0.333333 0.800000 0.800000 0.800000 4854.559278
BURGLARY 0.950000 0.190000 0.316667 0.800000 0.800000 0.800000 4763.493269
BURGLARY 0.913043 0.210000 0.341463 0.800000 0.800000 0.800000 4329.459168
BURGLARY 1.000000 0.170000 0.290598 1.000000 1.000000 1.000000 3968.660319
BURGLARY 1.000000 0.210000 0.347107 0.800000 0.800000 0.800000 4428.606129
BURGLARY 0.900000 0.180000 0.300000 0.800000 0.800000 0.800000 4924.450336
BURGLARY 1.000000 0.200000 0.333333 0.800000 0.800000 0.800000 4985.832103
BURGLARY 0.777778 0.140000 0.237288 0.800000 0.800000 0.800000 4309.077386
BURGLARY 0.900000 0.180000 0.300000 0.800000 0.800000 0.800000 5221.434139
BURGLARY 0.950000 0.190000 0.316667 0.800000 0.800000 0.800000 5349.927398
BURGLARY 1.000000 0.200000 0.333333 0.800000 0.800000 0.800000 5231.088911
BURGLARY 0.760000 0.190000 0.304000 0.800000 0.800000 0.800000 4121.081672
BURGLARY 1.000000 0.200000 0.333333 0.800000 0.800000 0.800000 5144.390195
BURGLARY 1.000000 0.200000 0.333333 1.000000 1.000000 1.000000 4244.667579
BURGLARY 0.950000 0.190000 0.316667 0.800000 0.800000 0.800000 4969.399010
