BATTERY 0.869565 0.200000 0.325203 0.818182 0.818182 0.818182 3548.453584
BATTERY 0.958333 0.230000 0.370968 0.818182 0.818182 0.818182 4943.846568
BATTERY 1.000000 0.240000 0.387097 0.818182 0.818182 0.818182 4379.112614
BATTERY 1.000000 0.220000 0.360656 0.818182 0.818182 0.818182 4237.774293
BATTERY 1.000000 0.240000 0.387097 0.818182 0.818182 0.818182 4702.062363
BATTERY 0.857143 0.180000 0.297521 0.818182 0.818182 0.818182 3276.050117
BATTERY 0.958333 0.230000 0.370968 0.818182 0.818182 0.818182 3242.856651
BATTERY 1.000000 0.230000 0.373984 0.818182 0.818182 0.818182 3530.646006
BATTERY 1.000000 0.230000 0.373984 0.818182 0.818182 0.818182 3427.261552
BATTERY 0.958333 0.230000 0.370968 0.818182 0.818182 0.818182 3467.009898
BATTERY 1.000000 0.220000 0.360656 0.909091 0.909091 0.909091 4837.476260
BATTERY 0.956522 0.220000 0.357724 0.818182 0.818182 0.818182 5300.280906
BATTERY 0.913043 0.210000 0.341463 0.818182 0.818182 0.818182 5025.145621
BATTERY 1.000000 0.210000 0.347107 0.818182 0.818182 0.818182 4662.487392
BATTERY 0.833333 0.200000 0.322581 0.772727 0.772727 0.772727 5291.452215
BATTERY 0.913043 0.210000 0.341463 0.818182 0.818182 0.818182 5065.721439
BATTERY 1.000000 0.220000 0.360656 0.818182 0.818182 0.818182 4570.203122
BATTERY 0.913043 0.210000 0.341463 0.818182 0.818182 0.818182 3467.247709
BATTERY 1.000000 0.240000 0.387097 0.818182 0.818182 0.818182 3750.186732
BATTERY 0.909091 0.200000 0.327869 0.818182 0.818182 0.818182 3329.846025
BATTERY 1.000000 0.240000 0.387097 0.818182 0.818182 0.818182 3529.447214
BATTERY 0.761905 0.160000 0.264463 0.863636 0.863636 0.863636 3403.350148
BATTERY 0.916667 0.220000 0.354839 0.818182 0.818182 0.818182 3439.962906
BATTERY 0.750000 0.150000 0.250000 0.818182 0.818182 0.818182 3489.470328
BATTERY 0.826087 0.190000 0.308943 0.818182 0.818182 0.818182 3353.537697
BATTERY 0.800000 0.160000 0.266667 0.818182 0.818182 0.818182 3221.553292
BATTERY 0.809524 0.170000 0.280992 0.818182 0.818182 0.818182 3274.276035
BATTERY 0.826087 0.190000 0.308943 0.818182 0.818182 0.818182 3408.567164
BATTERY 0.880000 0.220000 0.352000 0.818182 0.818182 0.818182 3425.560250
BATTERY 0.954545 0.210000 0.344262 0.818182 0.818182 0.818182 3446.120507
BATTERY 1.000000 0.230000 0.373984 0.818182 0.818182 0.818182 3342.705457
BATTERY 1.000000 0.220000 0.360656 0.818182 0.818182 0.818182 3407.161157
BATTERY 0.863636 0.190000 0.311475 0.863636 0.863636 0.863636 3172.731953
BATTERY 0.958333 0.230000 0.370968 0.818182 0.818182 0.818182 3249.283585
BATTERY 0.913043 0.210000 0.341463 0.772727 0.772727 0.772727 3480.304158
BATTERY 1.000000 0.240000 0.387097 0.818182 0.818182 0.818182 3476.325801
BATTERY 0.954545 0.210000 0.344262 0.818182 0.818182 0.818182 3322.566585
BATTERY 1.000000 0.230000 0.373984 0.818182 0.818182 0.818182 3481.786192
BATTERY 0.920000 0.230000 0.368000 0.818182 0.818182 0.818182 3520.084491
BATTERY 0.956522 0.220000 0.357724 0.818182 0.818182 0.818182 3433.158626
BATTERY 1.000000 0.230000 0.373984 0.772727 0.772727 0.772727 3453.526501
BATTERY 0.826087 0.190000 0.308943 0.818182 0.818182 0.818182 3442.664592
BATTERY 0.909091 0.200000 0.327869 0.818182 0.818182 0.818182 3319.396230
BATTERY 1.000000 0.230000 0.373984 0.818182 0.818182 0.818182 3357.496585
BATTERY 0.954545 0.210000 0.344262 0.863636 0.863636 0.863636 3179.876958
BATTERY 0.826087 0.190000 0.308943 0.818182 0.818182 0.818182 3342.337382
BATTERY 1.000000 0.240000 0.387097 0.818182 0.818182 0.818182 3426.434079
BATTERY 0.913043 0.210000 0.341463 0.818182 0.818182 0.818182 3562.388962
BATTERY 1.000000 0.200000 0.333333 0.863636 0.863636 0.863636 3372.985386
BATTERY 0.913043 0.210000 0.341463 0.818182 0.818182 0.818182 3604.446350
BATTERY 0.956522 0.220000 0.357724 0.818182 0.818182 0.818182 3364.766753
BATTERY 1.000000 0.200000 0.333333 0.772727 0.772727 0.772727 3285.510654
