1.0 1.0 0.1 1.0 50 50
1.0 1.0 0.1 1.0 50 50
1.0 1.0 0.1 1.0 50 50
1.0 1.0 0.1 1.0 50 50
1.0 1.0 1.0 1.0 50 5
1.0 1.0 1.0 1.0 50 5
1.0 1.0 1.0 1.0 50 5
1.0 1.0 1.0 1.0 50 5
0.0 0.0 1.0 1.0 50 5
0.0 0.0 1.0 1.0 50 5
1.0 1.0 1.0 1.0 100 5
1.0 1.0 1.0 1.0 100 5
1.0 1.0 1.0 1.0 100 5
1.0 1.0 1.0 1.0 100 5
1.0 1.0 1.0 1.0 100 5
1.0 1.0 1.0 1.0 100 5
1.0 1.0 1.0 1.0 100 5
1.0 1.0 1.0 1.0 100 5
1.0 1.0 1.0 1.0 100 5
1.0 1.0 1.0 1.0 100 5
1.0 1.0 1.0 1.0 100 5
1.0 1.0 1.0 1.0 100 5
1.0 1.0 1.0 1.0 100 5
1.0 1.0 1.0 1.0 100 5
1.0 1.0 1.0 1.0 100 5
1.0 1.0 1.0 1.0 100 5
1.0 1.0 1.0 1.0 100 5
1.0 1.0 1.0 1.0 100 5
1.0 1.0 1.0 1.0 100 5
1.0 1.0 1.0 1.0 100 5
1.0 1.0 1.0 1.0 100 5
1.0 1.0 1.0 1.0 100 5
1.0 1.0 1.0 1.0 100 5
1.0 1.0 1.0 1.0 100 5
1.0 1.0 1.0 1.0 100 5
1.0 1.0 1.0 1.0 100 5
1.0 1.0 1.0 1.0 100 5
1.0 1.0 1.0 1.0 100 5
1.0 1.0 1.0 1.0 100 5
1.0 1.0 1.0 1.0 100 5
1.0 1.0 1.0 1.0 100 5
1.0 1.0 1.0 1.0 100 5
1.0 1.0 1.0 1.0 100 5
1.0 1.0 1.0 1.0 100 5
1.0 1.0 1.0 1.0 100 5
1.0 1.0 1.0 1.0 100 5
0.9900990099009901 1.0 0.8 0.8 100 5
1.0 1.0 1.0 1.0 100 5
1.0 1.0 1.0 1.0 100 5
1.0 1.0 1.0 1.0 100 5
1.0 1.0 1.0 1.0 100 5
1.0 1.0 1.0 1.0 100 5
1.0 0.93 0.8 0.8 100 5
1.0 0.93 0.8 0.8 100 5
1.0 0.95 0.6 0.6 100 5
1.0 0.93 0.8 0.8 100 5
1.0 1.0 1.0 1.0 100 5
1.0 1.0 1.0 1.0 100 5
1.0 1.0 1.0 1.0 100 5
1.0 1.0 1.0 1.0 100 5
1.0 1.0 1.0 1.0 100 5
1.0 1.0 1.0 1.0 100 5
1.0 1.0 1.0 1.0 100 5
1.0 1.0 1.0 1.0 100 5
1.0 1.0 1.0 1.0 100 5
1.0 1.0 1.0 1.0 100 5
