1.0 1.0 0.1 1.0 50 50
1.0 1.0 0.1 1.0 50 50
1.0 1.0 0.1 1.0 50 50
1.0 1.0 0.1 1.0 50 50
1.0 1.0 1.0 1.0 50 5
1.0 1.0 1.0 1.0 50 5
1.0 1.0 1.0 1.0 50 5
1.0 1.0 1.0 1.0 50 5
0.0 0.0 1.0 1.0 50 5
0.0 0.0 1.0 1.0 50 5
1.0 1.0 1.0 1.0 100 5
1.0 1.0 1.0 1.0 100 5
1.0 1.0 1.0 1.0 100 5
1.0 1.0 1.0 1.0 100 5
1.0 1.0 1.0 1.0 100 5
1.0 1.0 1.0 1.0 100 5
1.0 1.0 1.0 1.0 100 5
1.0 1.0 1.0 1.0 100 5
1.0 1.0 1.0 1.0 100 5
1.0 1.0 1.0 1.0 100 5
1.0 1.0 1.0 1.0 100 5
1.0 1.0 1.0 1.0 100 5
1.0 1.0 1.0 1.0 100 5
1.0 1.0 1.0 1.0 100 5
1.0 1.0 1.0 1.0 100 5
1.0 1.0 1.0 1.0 100 5
1.0 1.0 1.0 1.0 100 5
1.0 1.0 1.0 1.0 100 5
1.0 1.0 1.0 1.0 100 5
1.0 1.0 1.0 1.0 100 5
1.0 1.0 1.0 1.0 100 5
1.0 1.0 1.0 1.0 100 5
1.0 1.0 1.0 1.0 100 5
1.0 1.0 1.0 1.0 100 5
1.0 1.0 1.0 1.0 100 5
1.0 1.0 1.0 1.0 100 5
1.0 1.0 1.0 1.0 100 5
1.0 1.0 1.0 1.0 100 5
1.0 1.0 1.0 1.0 100 5
1.0 1.0 1.0 1.0 100 5
1.0 1.0 1.0 1.0 100 5
1.0 1.0 1.0 1.0 100 5
1.0 1.0 1.0 1.0 100 5
1.0 1.0 1.0 1.0 100 5
1.0 1.0 1.0 1.0 100 5
1.0 1.0 1.0 1.0 100 5
1.0 1.0 1.0 1.0 100 5
1.0 1.0 0.8 0.8 100 5
1.0 1.0 0.8 0.8 100 5
1.0 1.0 0.8 0.8 100 5
1.0 1.0 0.8 0.8 100 5
1.0 1.0 0.8 0.8 100 5
1.0 0.9 1.0 1.0 100 5
1.0 0.9 1.0 1.0 100 5
1.0 0.9 1.0 1.0 100 5
1.0 0.9 1.0 1.0 100 5
1.0 1.0 0.8 0.8 100 5
1.0 1.0 0.8 0.8 100 5
1.0 1.0 1.0 1.0 100 5
1.0 1.0 1.0 1.0 100 5
1.0 1.0 1.0 1.0 100 5
1.0 1.0 0.8 0.8 100 5
1.0 0.99 0.6 0.6 100 5
1.0 0.99 0.6 0.6 100 5
1.0 0.99 0.6 0.6 100 5
1.0 0.99 0.6 0.6 100 5
