1.0 1.0 0.1 1.0 50 50
1.0 1.0 0.1 1.0 50 50
1.0 1.0 0.1 1.0 50 50
1.0 1.0 0.1 1.0 50 50
1.0 1.0 1.0 1.0 50 5
1.0 1.0 1.0 1.0 50 5
1.0 1.0 1.0 1.0 50 5
0.0 0.0 1.0 1.0 50 5
0.0 0.0 1.0 1.0 50 5
1.0 1.0 1.0 1.0 100 5
1.0 1.0 1.0 1.0 100 5
1.0 1.0 1.0 1.0 100 5
1.0 1.0 1.0 1.0 100 5
1.0 1.0 1.0 1.0 100 5
1.0 1.0 1.0 1.0 100 5
1.0 1.0 1.0 1.0 100 5
1.0 1.0 1.0 1.0 100 5
1.0 1.0 1.0 1.0 100 5
1.0 1.0 1.0 1.0 100 5
1.0 1.0 1.0 1.0 100 5
1.0 1.0 1.0 1.0 100 5
1.0 1.0 1.0 1.0 100 5
1.0 1.0 1.0 1.0 100 5
1.0 1.0 0.8 0.8 100 5
1.0 1.0 0.8 0.8 100 5
1.0 1.0 0.8 0.8 100 5
1.0 1.0 0.8 0.8 100 5
1.0 1.0 0.8 0.8 100 5
1.0 1.0 0.8 0.8 100 5
1.0 1.0 0.8 0.8 100 5
1.0 1.0 0.8 0.8 100 5
1.0 1.0 0.8 0.8 100 5
1.0 1.0 0.8 0.8 100 5
1.0 1.0 0.8 0.8 100 5
1.0 1.0 0.8 0.8 100 5
1.0 1.0 0.8 0.8 100 5
1.0 1.0 0.8 0.8 100 5
1.0 1.0 0.8 0.8 100 5
1.0 1.0 0.8 0.8 100 5
1.0 1.0 0.8 0.8 100 5
1.0 1.0 0.8 0.8 100 5
1.0 1.0 0.8 0.8 100 5
1.0 1.0 0.8 0.8 100 5
1.0 1.0 0.8 0.8 100 5
1.0 1.0 0.8 0.8 100 5
0.7142857142857143 1.0 0.4 0.4 100 5
1.0 1.0 1.0 1.0 100 5
1.0 1.0 1.0 1.0 100 5
1.0 1.0 1.0 1.0 100 5
1.0 1.0 1.0 1.0 100 5
1.0 1.0 1.0 1.0 100 5
1.0 0.88 0.8 0.8 100 5
1.0 0.89 0.8 0.8 100 5
1.0 0.89 0.8 0.8 100 5
1.0 0.88 0.8 0.8 100 5
1.0 1.0 1.0 1.0 100 5
1.0 1.0 1.0 1.0 100 5
1.0 1.0 0.8 0.8 100 5
1.0 1.0 0.8 0.8 100 5
1.0 1.0 0.8 0.8 100 5
1.0 1.0 1.0 1.0 100 5
1.0 1.0 0.8 0.8 100 5
1.0 1.0 0.8 0.8 100 5
1.0 1.0 0.8 0.8 100 5
1.0 1.0 0.8 0.8 100 5
