0.34 0.34 0.0 0.0 50 1
0.4215686274509804 0.43 0.6 0.6 50 5
0.4528301886792453 0.48 0.6 0.6 50 5
0.1559633027522936 0.17 0.4 0.4 50 5
0.11009174311926606 0.12 0.2 0.2 50 5
0.0970873786407767 0.1 0.8 0.8 50 5
0.38392857142857145 0.43 0.8 0.8 50 5
0.027777777777777776 0.03 0.4 0.4 50 5
0.05084745762711865 0.06 0.2 0.2 50 5
0.3391304347826087 0.39 0.4 0.4 50 5
1.0 1.0 0.6 0.6 50 5
1.0 1.0 0.6 0.6 50 5
1.0 1.0 0.5 0.4 50 4
1.0 1.0 0.5 0.4 50 4
1.0 1.0 0.5 0.4 50 4
1.0 1.0 0.5 0.4 50 4
1.0 1.0 0.5 0.4 50 4
1.0 1.0 0.5 0.6 50 6
1.0 1.0 0.8333333333333334 1.0 50 6
1.0 1.0 1.0 1.0 50 5
1.0 1.0 0.4 0.4 50 5
1.0 1.0 1.0 1.0 50 5
1.0 1.0 0.4 0.4 50 5
1.0 1.0 0.4 0.4 50 5
1.0 1.0 0.6 0.6 50 5
1.0 1.0 1.0 1.0 50 5
1.0 1.0 1.0 1.0 50 5
1.0 1.0 1.0 1.0 50 5
1.0 1.0 0.4 0.4 50 5
1.0 1.0 0.6 0.6 50 5
1.0 1.0 0.6 0.6 50 5
1.0 1.0 0.4 0.4 50 5
1.0 1.0 0.4 0.4 50 5
1.0 1.0 0.2 0.2 50 5
1.0 1.0 0.4 0.4 50 5
1.0 1.0 1.0 1.0 50 5
1.0 1.0 1.0 1.0 50 5
1.0 1.0 0.6 0.6 50 5
1.0 1.0 0.6 0.6 50 5
1.0 1.0 0.4 0.4 50 5
1.0 1.0 1.0 1.0 50 5
1.0 1.0 1.0 1.0 50 5
1.0 1.0 1.0 1.0 50 5
1.0 1.0 1.0 1.0 50 5
1.0 1.0 1.0 1.0 50 5
1.0 1.0 1.0 1.0 50 5
1.0 1.0 1.0 1.0 50 5
1.0 1.0 1.0 1.0 50 5
1.0 1.0 1.0 1.0 50 5
1.0 1.0 1.0 1.0 50 5
1.0 1.0 1.0 1.0 50 5
1.0 1.0 1.0 1.0 50 5
1.0 1.0 0.4 0.4 50 5
1.0 1.0 1.0 1.0 50 5
1.0 1.0 1.0 1.0 50 5
1.0 1.0 1.0 1.0 50 5
1.0 1.0 1.0 1.0 50 5
1.0 1.0 1.0 1.0 50 5
1.0 1.0 1.0 1.0 50 5
1.0 1.0 1.0 1.0 50 5
1.0 1.0 0.8 0.8 50 5
1.0 1.0 0.4 0.4 50 5
1.0 1.0 1.0 1.0 50 5
