1.0 1.0 0.8 0.8 50 5
1.0 1.0 0.8 0.8 50 5
1.0 1.0 0.8 0.8 50 5
1.0 1.0 0.8 0.8 50 5
1.0 1.0 0.6 0.6 50 5
1.0 1.0 0.8 0.8 50 5
1.0 1.0 0.6 0.6 50 5
1.0 1.0 0.6 0.6 50 5
1.0 1.0 0.6 0.6 50 5
1.0 1.0 1.0 1.0 50 5
1.0 1.0 1.0 1.0 50 5
1.0 1.0 0.6 0.6 50 5
1.0 1.0 1.0 1.0 50 5
1.0 1.0 0.8 0.8 50 5
1.0 1.0 0.6 0.6 50 5
1.0 1.0 1.0 1.0 50 5
1.0 1.0 0.6 0.6 50 5
1.0 1.0 1.0 1.0 50 5
1.0 1.0 1.0 1.0 50 5
1.0 1.0 1.0 1.0 50 5
1.0 1.0 0.8 0.8 50 5
1.0 1.0 0.8 0.8 50 5
1.0 1.0 0.6 0.6 50 5
1.0 1.0 0.6 0.6 50 5
1.0 1.0 0.8 0.8 50 5
1.0 1.0 1.0 1.0 50 5
1.0 1.0 1.0 1.0 50 5
1.0 1.0 1.0 1.0 50 5
1.0 1.0 0.8 0.8 50 5
1.0 1.0 0.4 0.4 50 5
1.0 1.0 0.4 0.4 50 5
1.0 1.0 1.0 1.0 50 5
