1.0 1.0 0.1 1.0 50 50
1.0 1.0 0.1 1.0 50 50
1.0 1.0 0.1 1.0 50 50
1.0 1.0 0.1 1.0 50 50
1.0 1.0 1.0 1.0 50 5
1.0 1.0 1.0 1.0 50 5
1.0 1.0 1.0 1.0 50 5
0.0 0.0 1.0 1.0 50 5
0.0 0.0 1.0 1.0 50 5
1.0 1.0 1.0 1.0 100 5
0.9900990099009901 1.0 1.0 1.0 100 5
1.0 1.0 1.0 1.0 100 5
1.0 1.0 1.0 1.0 100 5
1.0 1.0 1.0 1.0 100 5
1.0 1.0 1.0 1.0 100 5
1.0 1.0 1.0 1.0 100 5
1.0 1.0 1.0 1.0 100 5
1.0 1.0 1.0 1.0 100 5
1.0 1.0 1.0 1.0 100 5
1.0 1.0 1.0 1.0 100 5
1.0 1.0 1.0 1.0 100 5
1.0 1.0 1.0 1.0 100 5
1.0 1.0 1.0 1.0 100 5
1.0 1.0 0.8 0.8 100 5
1.0 1.0 0.8 0.8 100 5
1.0 1.0 0.8 0.8 100 5
1.0 1.0 0.8 0.8 100 5
1.0 1.0 0.8 0.8 100 5
1.0 1.0 0.8 0.8 100 5
1.0 1.0 0.8 0.8 100 5
1.0 1.0 0.8 0.8 100 5
1.0 1.0 0.8 0.8 100 5
1.0 1.0 0.8 0.8 100 5
1.0 1.0 0.8 0.8 100 5
1.0 1.0 0.8 0.8 100 5
1.0 1.0 0.8 0.8 100 5
1.0 1.0 0.8 0.8 100 5
1.0 1.0 0.8 0.8 100 5
1.0 1.0 0.8 0.8 100 5
1.0 1.0 0.8 0.8 100 5
1.0 1.0 0.8 0.8 100 5
1.0 1.0 0.8 0.8 100 5
1.0 1.0 0.8 0.8 100 5
1.0 1.0 0.8 0.8 100 5
1.0 1.0 0.8 0.8 100 5
1.0 1.0 1.0 1.0 100 5
1.0 1.0 1.0 1.0 100 5
1.0 1.0 1.0 1.0 100 5
1.0 1.0 1.0 1.0 100 5
1.0 1.0 1.0 1.0 100 5
0.9494949494949495 0.94 0.4 0.4 100 5
0.9489795918367347 0.93 0.4 0.4 100 5
0.9494949494949495 0.94 0.4 0.4 100 5
0.9494949494949495 0.94 0.4 0.4 100 5
1.0 1.0 1.0 1.0 100 5
1.0 1.0 1.0 1.0 100 5
1.0 1.0 0.8 0.8 100 5
1.0 1.0 0.8 0.8 100 5
1.0 1.0 0.8 0.8 100 5
1.0 1.0 1.0 1.0 100 5
1.0 1.0 0.8 0.8 100 5
1.0 1.0 0.8 0.8 100 5
1.0 1.0 0.8 0.8 100 5
1.0 1.0 0.8 0.8 100 5
