1.0 1.0 0.1 1.0 50 50
1.0 1.0 0.1 1.0 50 50
1.0 1.0 0.1 1.0 50 50
1.0 1.0 0.1 1.0 50 50
1.0 1.0 1.0 1.0 50 5
1.0 1.0 1.0 1.0 50 5
1.0 1.0 1.0 1.0 50 5
1.0 1.0 1.0 1.0 50 5
0.0 0.0 1.0 1.0 50 5
0.0 0.0 1.0 1.0 50 5
1.0 1.0 1.0 1.0 100 5
1.0 1.0 1.0 1.0 100 5
1.0 1.0 1.0 1.0 100 5
1.0 1.0 1.0 1.0 100 5
1.0 1.0 1.0 1.0 100 5
1.0 1.0 1.0 1.0 100 5
1.0 1.0 1.0 1.0 100 5
1.0 1.0 1.0 1.0 100 5
1.0 1.0 1.0 1.0 100 5
1.0 1.0 1.0 1.0 100 5
1.0 1.0 1.0 1.0 100 5
1.0 1.0 1.0 1.0 100 5
1.0 1.0 1.0 1.0 100 5
1.0 1.0 1.0 1.0 100 5
1.0 1.0 1.0 1.0 100 5
1.0 1.0 1.0 1.0 100 5
1.0 1.0 1.0 1.0 100 5
1.0 1.0 1.0 1.0 100 5
1.0 1.0 1.0 1.0 100 5
1.0 1.0 1.0 1.0 100 5
1.0 1.0 1.0 1.0 100 5
1.0 1.0 1.0 1.0 100 5
1.0 1.0 1.0 1.0 100 5
1.0 1.0 1.0 1.0 100 5
1.0 1.0 1.0 1.0 100 5
1.0 1.0 1.0 1.0 100 5
1.0 1.0 1.0 1.0 100 5
1.0 1.0 1.0 1.0 100 5
1.0 1.0 1.0 1.0 100 5
1.0 1.0 1.0 1.0 100 5
1.0 1.0 1.0 1.0 100 5
1.0 1.0 1.0 1.0 100 5
1.0 1.0 1.0 1.0 100 5
1.0 1.0 1.0 1.0 100 5
1.0 1.0 1.0 1.0 100 5
1.0 1.0 1.0 1.0 100 5
1.0 1.0 1.0 1.0 100 5
1.0 1.0 1.0 1.0 100 5
1.0 1.0 1.0 1.0 100 5
1.0 1.0 1.0 1.0 100 5
1.0 1.0 1.0 1.0 100 5
1.0 1.0 1.0 1.0 100 5
0.9885057471264368 0.86 0.4 0.4 100 5
0.9876543209876543 0.8 0.4 0.4 100 5
0.9886363636363636 0.87 0.4 0.4 100 5
0.9886363636363636 0.87 0.4 0.4 100 5
1.0 1.0 1.0 1.0 100 5
1.0 1.0 1.0 1.0 100 5
1.0 1.0 1.0 1.0 100 5
1.0 1.0 1.0 1.0 100 5
1.0 1.0 1.0 1.0 100 5
1.0 1.0 1.0 1.0 100 5
0.1111111111111111 0.01 0.0 0.0 100 5
0.7122302158273381 0.99 0.2 0.2 100 5
0.7122302158273381 0.99 0.2 0.2 100 5
0.7122302158273381 0.99 0.2 0.2 100 5
0.7122302158273381 0.99 0.2 0.2 100 5
