1.0 1.0 0.1 1.0 50 50
1.0 1.0 0.08 0.8 50 50
1.0 1.0 0.1 1.0 50 50
1.0 1.0 0.1 1.0 50 50
1.0 1.0 1.0 1.0 50 5
1.0 1.0 0.3333333333333333 1.0 50 15
1.0 1.0 1.0 1.0 50 5
1.0 1.0 1.0 1.0 50 5
1.0 1.0 1.0 1.0 50 5
0.0 0.0 1.0 1.0 50 5
0.0 0.0 1.0 1.0 50 5
0.0 0.0 1.0 1.0 100 5
0.0 0.0 1.0 1.0 100 5
1.0 1.0 1.0 1.0 100 5
0.0 0.0 1.0 1.0 100 5
1.0 1.0 1.0 1.0 100 5
1.0 1.0 1.0 1.0 100 5
1.0 1.0 1.0 1.0 100 5
0.0 0.0 1.0 1.0 100 5
1.0 1.0 1.0 1.0 100 5
0.7246376811594203 1.0 0.2 0.2 100 5
1.0 1.0 1.0 1.0 100 5
1.0 1.0 1.0 1.0 100 5
0.2 0.01 1.0 1.0 100 5
1.0 1.0 1.0 1.0 100 5
0.2 0.01 1.0 1.0 100 5
0.0 0.0 1.0 1.0 100 5
0.0 0.0 1.0 1.0 100 5
0.2 0.01 1.0 1.0 100 5
0.12871287128712872 0.13 1.0 1.0 100 5
1.0 1.0 1.0 1.0 100 5
1.0 1.0 1.0 1.0 100 5
1.0 1.0 1.0 1.0 100 5
1.0 1.0 1.0 1.0 100 5
0.9900990099009901 1.0 1.0 1.0 100 5
0.9900990099009901 1.0 1.0 1.0 100 5
0.9900990099009901 1.0 1.0 1.0 100 5
0.9900990099009901 1.0 1.0 1.0 100 5
1.0 0.01 0.0 0.0 100 5
1.0 0.01 0.0 0.0 100 5
0.9900990099009901 1.0 1.0 1.0 100 5
0.45662100456621 1.0 0.2 0.2 100 5
0.45454545454545453 1.0 0.2 0.2 100 5
0.9900990099009901 1.0 1.0 1.0 100 5
0.9900990099009901 1.0 1.0 1.0 100 5
0.9900990099009901 1.0 1.0 1.0 100 5
0.9900990099009901 1.0 1.0 1.0 100 5
0.9900990099009901 1.0 1.0 1.0 100 5
0.45454545454545453 1.0 0.2 0.2 100 5
0.45662100456621 1.0 0.2 0.2 100 5
0.45454545454545453 1.0 0.2 0.2 100 5
0.9900990099009901 1.0 1.0 1.0 100 5
0.45454545454545453 1.0 0.2 0.2 100 5
0.9900990099009901 1.0 1.0 1.0 100 5
0.9900990099009901 1.0 1.0 1.0 100 5
0.9900990099009901 1.0 1.0 1.0 100 5
0.5025125628140703 1.0 0.2 0.2 100 5
1.0 1.0 1.0 1.0 100 5
1.0 1.0 1.0 1.0 100 5
1.0 1.0 1.0 1.0 100 5
1.0 1.0 1.0 1.0 100 5
1.0 1.0 1.0 1.0 100 5
1.0 1.0 1.0 1.0 100 5
1.0 1.0 1.0 1.0 100 5
1.0 1.0 1.0 1.0 100 5
1.0 1.0 1.0 1.0 100 5
1.0 1.0 1.0 1.0 100 5
1.0 1.0 1.0 1.0 100 5
1.0 1.0 1.0 1.0 100 5
1.0 1.0 1.0 1.0 100 5
1.0 1.0 1.0 1.0 100 5
1.0 1.0 1.0 1.0 100 5
1.0 1.0 1.0 1.0 100 5
1.0 1.0 1.0 1.0 100 5
1.0 1.0 1.0 1.0 100 5
1.0 1.0 1.0 1.0 100 5
1.0 1.0 1.0 1.0 100 5
1.0 1.0 1.0 1.0 100 5
1.0 1.0 1.0 1.0 100 5
1.0 1.0 1.0 1.0 100 5
1.0 1.0 1.0 1.0 100 5
1.0 1.0 1.0 1.0 100 5
1.0 1.0 1.0 1.0 100 5
1.0 1.0 1.0 1.0 100 5
1.0 1.0 1.0 1.0 100 5
1.0 1.0 1.0 1.0 100 5
1.0 1.0 1.0 1.0 100 5
1.0 1.0 1.0 1.0 100 5
1.0 1.0 1.0 1.0 100 5
1.0 1.0 1.0 1.0 100 5
1.0 1.0 1.0 1.0 100 5
1.0 1.0 1.0 1.0 100 5
1.0 1.0 1.0 1.0 100 5
1.0 1.0 1.0 1.0 100 5
1.0 1.0 1.0 1.0 100 5
1.0 1.0 1.0 1.0 100 5
1.0 1.0 1.0 1.0 100 5
1.0 1.0 1.0 1.0 100 5
1.0 1.0 1.0 1.0 100 5
0.9896907216494846 0.96 0.6 0.6 100 5
1.0 0.95 0.8 0.8 100 5
1.0 0.97 0.8 0.8 100 5
0.9896907216494846 0.96 0.6 0.6 100 5
1.0 1.0 1.0 1.0 100 5
0.041666666666666664 0.02 0.2 0.2 100 5
1.0 1.0 1.0 1.0 100 5
1.0 1.0 1.0 1.0 100 5
1.0 1.0 1.0 1.0 100 5
1.0 1.0 1.0 1.0 100 5
1.0 1.0 1.0 1.0 100 5
1.0 1.0 1.0 1.0 100 5
0.85 0.17 0.8 0.8 100 5
0.2222222222222222 0.06 0.0 0.0 100 5
1.0 1.0 0.8 0.8 100 5
0.0847457627118644 0.1 0.0 0.0 100 5
0.26666666666666666 0.08 0.0 0.0 100 5
1.0 1.0 0.8 0.8 100 5
1.0 0.01 0.0 0.0 100 5
1.0 1.0 0.8 0.8 100 5
0.5181347150259067 1.0 0.6 0.6 100 5
0.47619047619047616 1.0 0.6 0.6 100 5
0.47619047619047616 1.0 0.6 0.6 100 5
0.49504950495049505 1.0 0.6 0.6 100 5
0.5181347150259067 1.0 0.6 0.6 100 5
0.625 1.0 0.6 0.6 100 5
0.6289308176100629 1.0 0.6 0.6 100 5
0.6369426751592356 1.0 0.6 0.6 100 5
0.6535947712418301 1.0 0.6 0.6 100 5
0.6578947368421053 1.0 0.6 0.6 100 5
0.0 0.0 0.0 0.0 100 5
1.0 1.0 0.6 0.6 100 5
1.0 1.0 0.6 0.6 100 5
1.0 1.0 0.6 0.6 100 5
1.0 1.0 0.6 0.6 100 5
1.0 1.0 0.6 0.6 100 5
