1.0 1.0 0.1 1.0 50 50
1.0 1.0 0.1 1.0 50 50
1.0 1.0 0.1 1.0 50 50
1.0 1.0 0.1 1.0 50 50
1.0 1.0 1.0 1.0 50 5
1.0 1.0 0.3333333333333333 1.0 50 15
1.0 1.0 1.0 1.0 50 5
1.0 1.0 1.0 1.0 50 5
1.0 1.0 1.0 1.0 50 5
0.0 0.0 1.0 1.0 50 5
0.0 0.0 1.0 1.0 50 5
1.0 1.0 1.0 1.0 100 5
1.0 1.0 1.0 1.0 100 5
1.0 1.0 1.0 1.0 100 5
1.0 1.0 1.0 1.0 100 5
1.0 1.0 1.0 1.0 100 5
1.0 1.0 1.0 1.0 100 5
1.0 1.0 1.0 1.0 100 5
1.0 1.0 1.0 1.0 100 5
1.0 1.0 1.0 1.0 100 5
1.0 1.0 1.0 1.0 100 5
1.0 1.0 1.0 1.0 100 5
1.0 1.0 1.0 1.0 100 5
1.0 1.0 1.0 1.0 100 5
1.0 1.0 1.0 1.0 100 5
1.0 1.0 1.0 1.0 100 5
1.0 1.0 1.0 1.0 100 5
1.0 1.0 1.0 1.0 100 5
1.0 1.0 1.0 1.0 100 5
1.0 1.0 1.0 1.0 100 5
1.0 1.0 1.0 1.0 100 5
1.0 1.0 1.0 1.0 100 5
1.0 1.0 1.0 1.0 100 5
1.0 1.0 1.0 1.0 100 5
1.0 1.0 1.0 1.0 100 5
1.0 1.0 1.0 1.0 100 5
1.0 1.0 1.0 1.0 100 5
1.0 1.0 1.0 1.0 100 5
1.0 1.0 1.0 1.0 100 5
1.0 1.0 1.0 1.0 100 5
1.0 1.0 1.0 1.0 100 5
1.0 1.0 1.0 1.0 100 5
1.0 1.0 1.0 1.0 100 5
1.0 1.0 1.0 1.0 100 5
1.0 1.0 1.0 1.0 100 5
1.0 1.0 1.0 1.0 100 5
1.0 1.0 1.0 1.0 100 5
0.9615384615384616 1.0 0.8 0.8 100 5
1.0 1.0 1.0 1.0 100 5
1.0 1.0 1.0 1.0 100 5
1.0 1.0 1.0 1.0 100 5
1.0 1.0 1.0 1.0 100 5
1.0 1.0 1.0 1.0 100 5
0.6436781609195402 0.56 0.2 0.2 100 5
0.0 0.0 0.0 0.0 100 5
0.0 0.0 0.0 0.0 100 5
0.6153846153846154 0.48 0.2 0.2 100 5
1.0 1.0 1.0 1.0 100 5
1.0 1.0 1.0 1.0 100 5
1.0 1.0 1.0 1.0 100 5
1.0 1.0 1.0 1.0 100 5
1.0 1.0 1.0 1.0 100 5
1.0 1.0 1.0 1.0 100 5
0.0 0.0 0.2 0.2 100 5
1.0 1.0 0.8 0.8 100 5
1.0 1.0 0.8 0.8 100 5
1.0 1.0 0.8 0.8 100 5
1.0 1.0 0.8 0.8 100 5
