0.40329664900317075 0.3675000000000001 0.36444449595350215
0.38154833414340084 0.4525 0.40505552025692654
0.4371712963437102 0.5075000000000001 0.4486149351720911
0.594197315670226 0.4950000000000001 0.5146297790334249
0.6568678467000835 0.57 0.591744938376223
0.7720144643165887 0.6675000000000002 0.7044911656796577
0.8112797081329353 0.7125 0.7474545192186381
0.8896339016733753 0.82 0.8466432054913607
0.9401472263546564 0.8599999999999998 0.8954010507242405
0.9267329931706867 0.8924999999999998 0.9059230394227524
0.939656985601258 0.9049999999999999 0.9188827005666089
0.9976190476190476 1.0 0.998780487804878
1.0 1.0 1.0
1.0 1.0 1.0
1.0 1.0 1.0
1.0 1.0 1.0
1.0 1.0 1.0
1.0 1.0 1.0
1.0 1.0 1.0
1.0 1.0 1.0