BURGLARY 0.9636363636363636 0.53 0.6838709677419355 1.0 1.0 1.0 55 5 -3.1042856117004853E7 68.442361703
BURGLARY 1.0 0.4 0.5714285714285715 1.0 1.0 1.0 40 5 -3.713761860810299E7 79.525107978
BURGLARY 0.9487179487179487 0.37 0.5323741007194245 1.0 1.0 1.0 39 5 -3.513788997156766E7 69.764555664
BATTERY 0.9655172413793104 0.56 0.7088607594936709 0.9545454545454546 0.9545454545454546 0.9545454545454546 58 22 -1143966.6231087197 81.900982395
BURGLARY 0.9473684210526315 0.36 0.5217391304347826 1.0 1.0 1.0 38 5 -4.2998193588567875E7 61.906076909
BATTERY 0.9811320754716981 0.52 0.6797385620915032 0.9545454545454546 0.9545454545454546 0.9545454545454546 53 22 -1106546.534933424 69.485643116
BURGLARY 0.9705882352941176 0.33 0.49253731343283585 1.0 1.0 1.0 34 5 -3.964613098094303E7 57.248979475
BATTERY 0.9491525423728814 0.56 0.7044025157232704 0.9545454545454546 0.9545454545454546 0.9545454545454546 59 22 -746515.6447821701 182.796169976
BATTERY 1.0 0.59 0.7421383647798743 0.9545454545454546 0.9545454545454546 0.9545454545454546 59 22 -1062188.8735554467 115.239926813
BURGLARY 0.9767441860465116 0.42 0.5874125874125874 1.0 1.0 1.0 43 5 -3.786278391433039E7 76.097881784
BURGLARY 1.0 0.36 0.5294117647058824 1.0 1.0 1.0 36 5 -3.358721919578642E7 76.881206118
BURGLARY 1.0 0.37 0.5401459854014599 1.0 1.0 1.0 37 5 -2.9450171964511808E7 88.965437802
BURGLARY 0.925 0.37 0.5285714285714286 1.0 1.0 1.0 40 5 -3.709802983315064E7 68.757298067
BURGLARY 1.0 0.4 0.5714285714285715 1.0 1.0 1.0 40 5 -2.995915180636288E7 82.057640762
BURGLARY 0.9512195121951219 0.39 0.553191489361702 1.0 1.0 1.0 41 5 -3.5541065749480054E7 53.403581467
BATTERY 0.9827586206896551 0.57 0.721518987341772 0.9545454545454546 0.9545454545454546 0.9545454545454546 58 22 -1133726.691125206 153.523884691
BATTERY 0.9245283018867925 0.49 0.6405228758169934 0.9545454545454546 0.9545454545454546 0.9545454545454546 53 22 -1135056.323380626 113.586562948
BURGLARY 0.9714285714285714 0.34 0.5037037037037038 1.0 1.0 1.0 35 5 -3.382276965126404E7 72.684912683
BATTERY 0.5702479338842975 0.69 0.6244343891402714 0.9545454545454546 0.9545454545454546 0.9545454545454546 121 22 -996460.4461041692 224.680225487
BATTERY 0.9538461538461539 0.62 0.7515151515151515 0.9545454545454546 0.9545454545454546 0.9545454545454546 65 22 -1094505.6485621799 504.991195266
BURGLARY 1.0 0.4 0.5714285714285715 1.0 1.0 1.0 40 5 -3.3682198101059675E7 58.934158306
BATTERY 0.9672131147540983 0.59 0.732919254658385 0.9545454545454546 0.9545454545454546 0.9545454545454546 61 22 -1150965.047617783 161.382357231
BATTERY 0.9473684210526315 0.54 0.6878980891719746 0.9545454545454546 0.9545454545454546 0.9545454545454546 57 22 -1117036.9493239152 184.132874746
BATTERY 0.9642857142857143 0.54 0.6923076923076923 0.9545454545454546 0.9545454545454546 0.9545454545454546 56 22 -963899.3958654254 286.627647986
BURGLARY 0.9512195121951219 0.39 0.553191489361702 1.0 1.0 1.0 41 5 -3.591454995333695E7 60.332582585
BATTERY 1.0 0.55 0.7096774193548387 0.9545454545454546 0.9545454545454546 0.9545454545454546 55 22 -1066414.1148126572 238.44033719
BURGLARY 0.9714285714285714 0.34 0.5037037037037038 1.0 1.0 1.0 35 5 -3.0500233454364646E7 67.104285543
BATTERY 0.9298245614035088 0.53 0.6751592356687899 0.9545454545454546 0.9545454545454546 0.9545454545454546 57 22 -1474862.406192336 156.825496966
BURGLARY 0.9705882352941176 0.33 0.49253731343283585 1.0 1.0 1.0 34 5 -3.331877906868507E7 73.492232155
BATTERY 0.9814814814814815 0.53 0.6883116883116882 0.9545454545454546 0.9545454545454546 0.9545454545454546 54 22 -1063542.2473118734 256.936070376
BATTERY 0.9803921568627451 0.5 0.662251655629139 0.9545454545454546 0.9545454545454546 0.9545454545454546 51 22 -1718896.220412912 109.559290184
BATTERY 0.9298245614035088 0.53 0.6751592356687899 0.9545454545454546 0.9545454545454546 0.9545454545454546 57 22 -1113305.1789119306 258.884586996
BATTERY 0.9056603773584906 0.48 0.6274509803921569 0.9545454545454546 0.9545454545454546 0.9545454545454546 53 22 -1510009.1065081547 95.055797659
BATTERY 0.9245283018867925 0.49 0.6405228758169934 0.9545454545454546 0.9545454545454546 0.9545454545454546 53 22 -1417153.9463017222 86.368924707
BURGLARY 1.0 0.4 0.5714285714285715 1.0 1.0 1.0 40 5 -3.647648976524536E7 83.27590347
BURGLARY 1.0 0.35 0.5185185185185185 1.0 1.0 1.0 35 5 -3.5179102035868116E7 89.353169947
BURGLARY 1.0 0.42 0.5915492957746479 1.0 1.0 1.0 42 5 -4.1271357126101926E7 65.581872651
BATTERY 0.9642857142857143 0.54 0.6923076923076923 0.9545454545454546 0.9545454545454546 0.9545454545454546 56 22 -989202.9296695868 121.389832226
BATTERY 1.0 0.58 0.7341772151898733 0.9545454545454546 0.9545454545454546 0.9545454545454546 58 22 -1102945.1086594588 123.03999651
BATTERY 0.9629629629629629 0.52 0.6753246753246753 0.9545454545454546 0.9545454545454546 0.9545454545454546 54 22 -1172846.34267939 174.697567914
BATTERY 0.9803921568627451 0.5 0.662251655629139 0.9545454545454546 0.9545454545454546 0.9545454545454546 51 22 -1111177.3666509402 67.851525008
BATTERY 0.975 0.39 0.5571428571428572 0.9545454545454546 0.9545454545454546 0.9545454545454546 40 22 -1276741.364514708 134.497562128
BURGLARY 0.9318181818181818 0.41 0.5694444444444444 1.0 1.0 1.0 44 5 -3.370149026558695E7 70.276475751
BATTERY 0.9824561403508771 0.56 0.7133757961783439 1.0 1.0 1.0 57 22 -1057729.2701859544 107.726456503
BATTERY 0.9545454545454546 0.63 0.7590361445783134 0.9545454545454546 0.9545454545454546 0.9545454545454546 66 22 -1032511.7490084145 245.283205146
BATTERY 0.9811320754716981 0.52 0.6797385620915032 1.0 1.0 1.0 53 22 -1199211.773077777 335.153095096
BATTERY 0.9622641509433962 0.51 0.6666666666666667 0.9545454545454546 0.9545454545454546 0.9545454545454546 53 22 -1252755.6452160517 259.886111833
BURGLARY 1.0 0.35 0.5185185185185185 1.0 1.0 1.0 35 5 -3.1926211225799378E7 80.341403976
BURGLARY 0.967741935483871 0.3 0.4580152671755725 1.0 1.0 1.0 31 5 -4.314963550927969E7 67.541692396
BURGLARY 1.0 0.35 0.5185185185185185 1.0 1.0 1.0 35 5 -2.947424037288567E7 64.525379813
BATTERY 0.9642857142857143 0.54 0.6923076923076923 0.9545454545454546 0.9545454545454546 0.9545454545454546 56 22 -1057729.8625788153 119.689419077
BURGLARY 0.95 0.38 0.5428571428571428 1.0 1.0 1.0 40 5 -3.893774705947101E7 72.924738563
BATTERY 0.9814814814814815 0.53 0.6883116883116882 0.9545454545454546 0.9545454545454546 0.9545454545454546 54 22 -1144355.4444347993 114.52089204
BURGLARY 1.0 0.4 0.5714285714285715 1.0 1.0 1.0 40 5 -3.649937407819101E7 75.011216296
BATTERY 0.9824561403508771 0.56 0.7133757961783439 0.9545454545454546 0.9545454545454546 0.9545454545454546 57 22 -1032405.7108645599 155.956796746
BATTERY 1.0 0.57 0.7261146496815287 0.9545454545454546 0.9545454545454546 0.9545454545454546 57 22 -1218965.8241620413 109.881819354
BURGLARY 0.8571428571428571 0.3 0.4444444444444444 1.0 1.0 1.0 35 5 -3.579310296141978E7 72.538279841
BATTERY 0.967741935483871 0.6 0.7407407407407407 0.9545454545454546 0.9545454545454546 0.9545454545454546 62 22 -997483.6753635871 117.996285874
BURGLARY 1.0 0.46 0.6301369863013699 1.0 1.0 1.0 46 5 -2.42660527307156E7 66.274403833
BATTERY 0.9787234042553191 0.46 0.6258503401360545 0.9545454545454546 0.9545454545454546 0.9545454545454546 47 22 -1580201.186649306 155.884254539
BATTERY 0.896551724137931 0.52 0.6582278481012658 0.9545454545454546 0.9545454545454546 0.9545454545454546 58 22 -1194453.8628206947 211.755953555
BURGLARY 1.0 0.38 0.5507246376811594 1.0 1.0 1.0 38 5 -3.463430339543207E7 85.338379139
BURGLARY 0.9743589743589743 0.38 0.5467625899280576 1.0 1.0 1.0 39 5 -4.720321827399543E7 79.772416621
BURGLARY 0.95 0.38 0.5428571428571428 1.0 1.0 1.0 40 5 -3.947737456574788E7 63.103872271
BATTERY 1.0 0.55 0.7096774193548387 0.9545454545454546 0.9545454545454546 0.9545454545454546 55 22 -983380.4943589586 109.324423794
BATTERY 0.9565217391304348 0.44 0.6027397260273973 0.9545454545454546 0.9545454545454546 0.9545454545454546 46 22 -1167286.5173164757 100.671669049
BATTERY 0.9814814814814815 0.53 0.6883116883116882 0.9545454545454546 0.9545454545454546 0.9545454545454546 54 22 -1020598.0135644313 234.770818432
BURGLARY 0.9736842105263158 0.37 0.536231884057971 1.0 1.0 1.0 38 5 -3.42793301423376E7 71.750716638
BATTERY 0.9583333333333334 0.46 0.6216216216216216 0.9545454545454546 0.9545454545454546 0.9545454545454546 48 22 -1278630.0852476924 131.473649783
BATTERY 0.9682539682539683 0.61 0.7484662576687117 0.9545454545454546 0.9545454545454546 0.9545454545454546 63 22 -1062083.5771255705 130.033247992
BURGLARY 0.9722222222222222 0.35 0.5147058823529411 1.0 1.0 1.0 36 5 -3.336185086443434E7 70.897772533
BATTERY 0.90625 0.58 0.7073170731707317 0.9545454545454546 0.9545454545454546 0.9545454545454546 64 22 -1135483.1528346525 269.183372893
BATTERY 1.0 0.48 0.6486486486486487 0.9545454545454546 0.9545454545454546 0.9545454545454546 48 22 -1825403.5166477493 91.878693061
BURGLARY 0.9444444444444444 0.34 0.5 1.0 1.0 1.0 36 5 -3.983493481618222E7 80.993495756
BATTERY 0.9354838709677419 0.58 0.7160493827160493 0.9545454545454546 0.9545454545454546 0.9545454545454546 62 22 -1056106.4614838685 170.891541482
BURGLARY 0.9743589743589743 0.38 0.5467625899280576 1.0 1.0 1.0 39 5 -3.2276565552833106E7 74.57713405
BURGLARY 0.95 0.38 0.5428571428571428 1.0 1.0 1.0 40 5 -3.5078515365272604E7 64.923697457
BURGLARY 0.9736842105263158 0.37 0.536231884057971 1.0 1.0 1.0 38 5 -3.562556691704137E7 67.835847191
BATTERY 1.0 0.5 0.6666666666666666 0.9090909090909091 0.9090909090909091 0.9090909090909091 50 22 -921306.9748095479 230.343816731
BATTERY 0.9795918367346939 0.48 0.6442953020134228 0.9545454545454546 0.9545454545454546 0.9545454545454546 49 22 -1240359.7937466067 110.729032048
BURGLARY 0.972972972972973 0.36 0.5255474452554745 1.0 1.0 1.0 37 5 -5.348654719157286E7 59.687527651
BATTERY 1.0 0.6 0.7499999999999999 0.9545454545454546 0.9545454545454546 0.9545454545454546 60 22 -1065028.7004177764 312.334146665
BURGLARY 0.9512195121951219 0.39 0.553191489361702 1.0 1.0 1.0 41 5 -3.915380880873575E7 68.684689149
BURGLARY 1.0 0.4 0.5714285714285715 1.0 1.0 1.0 40 5 -3.074901745425498E7 72.812789367
BATTERY 0.9807692307692307 0.51 0.6710526315789475 0.9545454545454546 0.9545454545454546 0.9545454545454546 52 22 -1306126.207790358 254.350401263
BATTERY 0.9464285714285714 0.53 0.6794871794871796 0.9545454545454546 0.9545454545454546 0.9545454545454546 56 22 -1143195.152376154 371.104724434
BURGLARY 0.9302325581395349 0.4 0.5594405594405595 1.0 1.0 1.0 43 5 -3.31275572820365E7 73.457832033
BURGLARY 1.0 0.36 0.5294117647058824 1.0 1.0 1.0 36 5 -3.1566784357546426E7 78.38262507
BURGLARY 0.9166666666666666 0.33 0.4852941176470588 1.0 1.0 1.0 36 5 -3.9695250271116E7 85.834069415
BURGLARY 0.9736842105263158 0.37 0.536231884057971 1.0 1.0 1.0 38 5 -3.441695591633431E7 69.121256486
BURGLARY 0.975 0.39 0.5571428571428572 1.0 1.0 1.0 40 5 -4.4515185477937825E7 67.878087444
BURGLARY 0.9736842105263158 0.37 0.536231884057971 1.0 1.0 1.0 38 5 -3.1470770312730435E7 83.985365935
BURGLARY 0.9743589743589743 0.38 0.5467625899280576 1.0 1.0 1.0 39 5 -2.6916238827906158E7 76.518275158
BURGLARY 0.975609756097561 0.4 0.5673758865248227 1.0 1.0 1.0 41 5 -3.5698380395278215E7 68.454074885
BATTERY 0.9649122807017544 0.55 0.7006369426751593 0.9545454545454546 0.9545454545454546 0.9545454545454546 57 22 -1109912.4558893756 103.537919548
BURGLARY 1.0 0.33 0.49624060150375937 1.0 1.0 1.0 33 5 -2.8944291178487547E7 67.041702004
BATTERY 0.9423076923076923 0.49 0.6447368421052632 0.9545454545454546 0.9545454545454546 0.9545454545454546 52 22 -1044212.9166396215 473.692871935
BATTERY 0.9661016949152542 0.57 0.7169811320754716 0.9545454545454546 0.9545454545454546 0.9545454545454546 59 22 -966580.2196552743 266.183353741
BURGLARY 1.0 0.38 0.5507246376811594 1.0 1.0 1.0 38 5 -3.406817493489124E7 79.337954635
BURGLARY 0.9714285714285714 0.34 0.5037037037037038 0.8 0.8 0.8000000000000002 35 5 -4.5805461865755685E7 55.679017237
BURGLARY 1.0 0.33 0.49624060150375937 1.0 1.0 1.0 33 5 -4.048597826178419E7 51.914006951
BURGLARY 0.8809523809523809 0.37 0.5211267605633803 1.0 1.0 1.0 42 5 -4.1505448412690565E7 44.206072149
BATTERY 0.9787234042553191 0.46 0.6258503401360545 0.9545454545454546 0.9545454545454546 0.9545454545454546 47 22 -1203140.9545754064 261.583000622
BATTERY 0.9361702127659575 0.44 0.5986394557823129 0.9545454545454546 0.9545454545454546 0.9545454545454546 47 22 -1541444.209125528 113.167532663
