BURGLARY 1.000000 0.210000 0.347107 0.800000 0.800000 0.800000 3874.447134
BURGLARY 1.000000 0.200000 0.333333 0.800000 0.800000 0.800000 4326.034313
BURGLARY 1.000000 0.200000 0.333333 0.800000 0.800000 0.800000 4042.437485
BURGLARY 0.950000 0.190000 0.316667 0.800000 0.800000 0.800000 3858.054371
BURGLARY 1.000000 0.200000 0.333333 0.800000 0.800000 0.800000 4294.748437
BURGLARY 1.000000 0.230000 0.373984 0.800000 0.800000 0.800000 4300.609353
BURGLARY 1.000000 0.200000 0.333333 0.800000 0.800000 0.800000 4255.138235
BURGLARY 0.954545 0.210000 0.344262 1.000000 1.000000 1.000000 3484.531453
BURGLARY 0.944444 0.170000 0.288136 0.800000 0.800000 0.800000 4423.036335
BURGLARY 1.000000 0.200000 0.333333 0.800000 0.800000 0.800000 4326.229939
BURGLARY 1.000000 0.200000 0.333333 0.800000 0.800000 0.800000 3878.376353
BURGLARY 1.000000 0.130000 0.230088 0.800000 0.800000 0.800000 4208.765474
BURGLARY 1.000000 0.200000 0.333333 1.000000 1.000000 1.000000 4038.347407
BURGLARY 1.000000 0.230000 0.373984 0.800000 0.800000 0.800000 3749.223433
BURGLARY 1.000000 0.130000 0.230088 0.800000 0.800000 0.800000 3956.714120
BURGLARY 1.000000 0.200000 0.333333 0.800000 0.800000 0.800000 3969.964342
BURGLARY 0.600000 0.150000 0.240000 0.800000 0.800000 0.800000 3475.178465
BURGLARY 0.900000 0.180000 0.300000 0.800000 0.800000 0.800000 3977.829734
BURGLARY 1.000000 0.200000 0.333333 0.800000 0.800000 0.800000 5227.704386
BURGLARY 1.000000 0.200000 0.333333 0.800000 0.800000 0.800000 5485.848440
BURGLARY 1.000000 0.210000 0.347107 0.800000 0.800000 0.800000 5580.169637
BURGLARY 0.529412 0.090000 0.153846 0.600000 0.600000 0.600000 5568.224366
BURGLARY 1.000000 0.130000 0.230088 0.800000 0.800000 0.800000 4977.759959
BURGLARY 0.785714 0.220000 0.343750 0.800000 0.800000 0.800000 4641.821905
BURGLARY 1.000000 0.200000 0.333333 0.800000 0.800000 0.800000 6326.535417
BURGLARY 1.000000 0.130000 0.230088 0.800000 0.800000 0.800000 6236.109598
BURGLARY 1.000000 0.200000 0.333333 0.800000 0.800000 0.800000 5460.238052
BURGLARY 1.000000 0.200000 0.333333 0.800000 0.800000 0.800000 6103.443745
BURGLARY 1.000000 0.200000 0.333333 0.800000 0.800000 0.800000 5694.202294
BURGLARY 0.555556 0.100000 0.169492 0.800000 0.800000 0.800000 5981.243911
BURGLARY 1.000000 0.200000 0.333333 0.800000 0.800000 0.800000 5926.363250
BURGLARY 0.647059 0.110000 0.188034 0.800000 0.800000 0.800000 5266.468573
BURGLARY 0.680000 0.170000 0.272000 0.800000 0.800000 0.800000 5150.231177
BURGLARY 0.900000 0.180000 0.300000 0.800000 0.800000 0.800000 5927.800317
BURGLARY 0.840000 0.210000 0.336000 0.800000 0.800000 0.800000 5068.567759
BURGLARY 1.000000 0.200000 0.333333 0.800000 0.800000 0.800000 5379.222241
BURGLARY 1.000000 0.180000 0.305085 0.800000 0.800000 0.800000 3927.201863
BURGLARY 1.000000 0.200000 0.333333 0.800000 0.800000 0.800000 3852.513319
BURGLARY 0.950000 0.190000 0.316667 0.800000 0.800000 0.800000 4036.654449
BURGLARY 0.913043 0.210000 0.341463 0.800000 0.800000 0.800000 3505.954414
BURGLARY 1.000000 0.170000 0.290598 1.000000 1.000000 1.000000 3372.024405
BURGLARY 1.000000 0.210000 0.347107 0.800000 0.800000 0.800000 3774.770776
BURGLARY 0.900000 0.180000 0.300000 0.800000 0.800000 0.800000 4072.105038
BURGLARY 1.000000 0.200000 0.333333 0.800000 0.800000 0.800000 4151.862720
BURGLARY 0.777778 0.140000 0.237288 0.800000 0.800000 0.800000 3637.646306
BURGLARY 0.900000 0.180000 0.300000 0.800000 0.800000 0.800000 4069.366266
BURGLARY 0.950000 0.190000 0.316667 0.800000 0.800000 0.800000 3973.669657
BURGLARY 1.000000 0.200000 0.333333 0.800000 0.800000 0.800000 3997.453579
BURGLARY 0.760000 0.190000 0.304000 0.800000 0.800000 0.800000 3640.621499
BURGLARY 1.000000 0.200000 0.333333 0.800000 0.800000 0.800000 4220.182739
BURGLARY 1.000000 0.200000 0.333333 1.000000 1.000000 1.000000 3932.945959
BURGLARY 0.950000 0.190000 0.316667 0.800000 0.800000 0.800000 3986.895772
BATTERY 0.869565 0.200000 0.325203 0.818182 0.818182 0.818182 3548.453584
BATTERY 0.958333 0.230000 0.370968 0.818182 0.818182 0.818182 4943.846568
BATTERY 1.000000 0.240000 0.387097 0.818182 0.818182 0.818182 4379.112614
BATTERY 1.000000 0.220000 0.360656 0.818182 0.818182 0.818182 4237.774293
BATTERY 1.000000 0.240000 0.387097 0.818182 0.818182 0.818182 4702.062363
BATTERY 0.857143 0.180000 0.297521 0.818182 0.818182 0.818182 3276.050117
BATTERY 0.958333 0.230000 0.370968 0.818182 0.818182 0.818182 3242.856651
BATTERY 1.000000 0.230000 0.373984 0.818182 0.818182 0.818182 3530.646006
BATTERY 1.000000 0.230000 0.373984 0.818182 0.818182 0.818182 3427.261552
BATTERY 0.958333 0.230000 0.370968 0.818182 0.818182 0.818182 3467.009898
BATTERY 1.000000 0.220000 0.360656 0.909091 0.909091 0.909091 4837.476260
BATTERY 0.956522 0.220000 0.357724 0.818182 0.818182 0.818182 5300.280906
BATTERY 0.913043 0.210000 0.341463 0.818182 0.818182 0.818182 5025.145621
BATTERY 1.000000 0.210000 0.347107 0.818182 0.818182 0.818182 4662.487392
BATTERY 0.833333 0.200000 0.322581 0.772727 0.772727 0.772727 5291.452215
BATTERY 0.913043 0.210000 0.341463 0.818182 0.818182 0.818182 5065.721439
BATTERY 1.000000 0.220000 0.360656 0.818182 0.818182 0.818182 4570.203122
BATTERY 0.913043 0.210000 0.341463 0.818182 0.818182 0.818182 3467.247709
BATTERY 1.000000 0.240000 0.387097 0.818182 0.818182 0.818182 3750.186732
BATTERY 0.909091 0.200000 0.327869 0.818182 0.818182 0.818182 3329.846025
BATTERY 1.000000 0.240000 0.387097 0.818182 0.818182 0.818182 3529.447214
BATTERY 0.761905 0.160000 0.264463 0.863636 0.863636 0.863636 3403.350148
BATTERY 0.916667 0.220000 0.354839 0.818182 0.818182 0.818182 3439.962906
BATTERY 0.750000 0.150000 0.250000 0.818182 0.818182 0.818182 3489.470328
BATTERY 0.826087 0.190000 0.308943 0.818182 0.818182 0.818182 3353.537697
BATTERY 0.800000 0.160000 0.266667 0.818182 0.818182 0.818182 3221.553292
BATTERY 0.809524 0.170000 0.280992 0.818182 0.818182 0.818182 3274.276035
BATTERY 0.826087 0.190000 0.308943 0.818182 0.818182 0.818182 3408.567164
BATTERY 0.880000 0.220000 0.352000 0.818182 0.818182 0.818182 3425.560250
BATTERY 0.954545 0.210000 0.344262 0.818182 0.818182 0.818182 3446.120507
BATTERY 1.000000 0.230000 0.373984 0.818182 0.818182 0.818182 3342.705457
BATTERY 1.000000 0.220000 0.360656 0.818182 0.818182 0.818182 3407.161157
BATTERY 0.863636 0.190000 0.311475 0.863636 0.863636 0.863636 3172.731953
BATTERY 0.958333 0.230000 0.370968 0.818182 0.818182 0.818182 3249.283585
BATTERY 0.913043 0.210000 0.341463 0.772727 0.772727 0.772727 3480.304158
BATTERY 1.000000 0.240000 0.387097 0.818182 0.818182 0.818182 3476.325801
BATTERY 0.954545 0.210000 0.344262 0.818182 0.818182 0.818182 3322.566585
BATTERY 1.000000 0.230000 0.373984 0.818182 0.818182 0.818182 3481.786192
BATTERY 0.920000 0.230000 0.368000 0.818182 0.818182 0.818182 3520.084491
BATTERY 0.956522 0.220000 0.357724 0.818182 0.818182 0.818182 3433.158626
BATTERY 1.000000 0.230000 0.373984 0.772727 0.772727 0.772727 3453.526501
BATTERY 0.826087 0.190000 0.308943 0.818182 0.818182 0.818182 3442.664592
BATTERY 0.909091 0.200000 0.327869 0.818182 0.818182 0.818182 3319.396230
BATTERY 1.000000 0.230000 0.373984 0.818182 0.818182 0.818182 3357.496585
BATTERY 0.954545 0.210000 0.344262 0.863636 0.863636 0.863636 3179.876958
BATTERY 0.826087 0.190000 0.308943 0.818182 0.818182 0.818182 3342.337382
BATTERY 1.000000 0.240000 0.387097 0.818182 0.818182 0.818182 3426.434079
BATTERY 0.913043 0.210000 0.341463 0.818182 0.818182 0.818182 3562.388962
BATTERY 1.000000 0.200000 0.333333 0.863636 0.863636 0.863636 3372.985386
BATTERY 0.913043 0.210000 0.341463 0.818182 0.818182 0.818182 3604.446350
BATTERY 0.956522 0.220000 0.357724 0.818182 0.818182 0.818182 3364.766753
BATTERY 1.000000 0.200000 0.333333 0.772727 0.772727 0.772727 3285.510654