BURGLARY 1.000000 0.210000 0.347107 0.800000 0.800000 0.800000 0 0 0.0 413.278438
BURGLARY 1.000000 0.200000 0.333333 0.800000 0.800000 0.800000 0 0 0.0 443.017729
BURGLARY 1.000000 0.200000 0.333333 0.800000 0.800000 0.800000 0 0 0.0 405.772974
BURGLARY 0.950000 0.190000 0.316667 0.800000 0.800000 0.800000 0 0 0.0 428.993900
BURGLARY 1.000000 0.200000 0.333333 0.800000 0.800000 0.800000 0 0 0.0 419.784580
BURGLARY 1.000000 0.230000 0.373984 0.800000 0.800000 0.800000 0 0 0.0 401.776593
BURGLARY 1.000000 0.200000 0.333333 0.800000 0.800000 0.800000 0 0 0.0 432.124620
BURGLARY 0.954545 0.210000 0.344262 1.000000 1.000000 1.000000 0 0 0.0 407.671035
BURGLARY 0.944444 0.170000 0.288136 0.800000 0.800000 0.800000 0 0 0.0 418.230945
BURGLARY 1.000000 0.200000 0.333333 0.800000 0.800000 0.800000 0 0 0.0 430.479505
BURGLARY 1.000000 0.200000 0.333333 0.800000 0.800000 0.800000 0 0 0.0 405.160634
BURGLARY 1.000000 0.130000 0.230088 0.800000 0.800000 0.800000 0 0 0.0 436.798413
BURGLARY 1.000000 0.200000 0.333333 1.000000 1.000000 1.000000 0 0 0.0 431.567547
BURGLARY 1.000000 0.230000 0.373984 0.800000 0.800000 0.800000 0 0 0.0 463.989150
BURGLARY 1.000000 0.130000 0.230088 0.800000 0.800000 0.800000 0 0 0.0 415.914229
BURGLARY 1.000000 0.200000 0.333333 0.800000 0.800000 0.800000 0 0 0.0 443.267470
BURGLARY 0.600000 0.150000 0.240000 0.800000 0.800000 0.800000 0 0 0.0 417.207478
BURGLARY 0.900000 0.180000 0.300000 0.800000 0.800000 0.800000 0 0 0.0 423.161436
BURGLARY 1.000000 0.200000 0.333333 0.800000 0.800000 0.800000 0 0 0.0 426.221463
BURGLARY 1.000000 0.200000 0.333333 0.800000 0.800000 0.800000 0 0 0.0 424.609232
BURGLARY 1.000000 0.210000 0.347107 0.800000 0.800000 0.800000 0 0 0.0 428.886843
BURGLARY 0.529412 0.090000 0.153846 0.600000 0.600000 0.600000 0 0 0.0 398.891616
BURGLARY 1.000000 0.130000 0.230088 0.800000 0.800000 0.800000 0 0 0.0 422.153632
BURGLARY 0.785714 0.220000 0.343750 0.800000 0.800000 0.800000 0 0 0.0 404.009788
BURGLARY 1.000000 0.200000 0.333333 0.800000 0.800000 0.800000 0 0 0.0 477.922920
BURGLARY 1.000000 0.130000 0.230088 0.800000 0.800000 0.800000 0 0 0.0 471.746638
BURGLARY 1.000000 0.200000 0.333333 0.800000 0.800000 0.800000 0 0 0.0 483.393198
BURGLARY 1.000000 0.200000 0.333333 0.800000 0.800000 0.800000 0 0 0.0 455.074932
BURGLARY 1.000000 0.200000 0.333333 0.800000 0.800000 0.800000 0 0 0.0 479.608735
BURGLARY 0.555556 0.100000 0.169492 0.800000 0.800000 0.800000 0 0 0.0 405.202799
BURGLARY 1.000000 0.200000 0.333333 0.800000 0.800000 0.800000 0 0 0.0 410.332182
BURGLARY 0.647059 0.110000 0.188034 0.800000 0.800000 0.800000 0 0 0.0 393.391423
BURGLARY 0.680000 0.170000 0.272000 0.800000 0.800000 0.800000 0 0 0.0 409.466895
BURGLARY 0.900000 0.180000 0.300000 0.800000 0.800000 0.800000 0 0 0.0 429.193383
BURGLARY 0.840000 0.210000 0.336000 0.800000 0.800000 0.800000 0 0 0.0 457.085279
BURGLARY 1.000000 0.200000 0.333333 0.800000 0.800000 0.800000 0 0 0.0 455.924789
BATTERY 0.869565 0.200000 0.325203 0.818182 0.818182 0.818182 0 0 0.0 293.936642
BATTERY 0.958333 0.230000 0.370968 0.818182 0.818182 0.818182 0 0 0.0 325.016824
BATTERY 1.000000 0.240000 0.387097 0.818182 0.818182 0.818182 0 0 0.0 347.231150
BATTERY 1.000000 0.220000 0.360656 0.818182 0.818182 0.818182 0 0 0.0 459.114714
BATTERY 1.000000 0.240000 0.387097 0.818182 0.818182 0.818182 0 0 0.0 428.182452
BATTERY 0.857143 0.180000 0.297521 0.818182 0.818182 0.818182 0 0 0.0 453.605206
BATTERY 0.958333 0.230000 0.370968 0.818182 0.818182 0.818182 0 0 0.0 470.916123
BATTERY 1.000000 0.230000 0.373984 0.818182 0.818182 0.818182 0 0 0.0 413.794412
BATTERY 1.000000 0.230000 0.373984 0.818182 0.818182 0.818182 0 0 0.0 460.395390
BATTERY 0.958333 0.230000 0.370968 0.818182 0.818182 0.818182 0 0 0.0 413.856648
BATTERY 1.000000 0.220000 0.360656 0.909091 0.909091 0.909091 0 0 0.0 438.052304
BATTERY 0.956522 0.220000 0.357724 0.818182 0.818182 0.818182 0 0 0.0 445.460321
BATTERY 0.913043 0.210000 0.341463 0.818182 0.818182 0.818182 0 0 0.0 412.958827
BATTERY 1.000000 0.210000 0.347107 0.818182 0.818182 0.818182 0 0 0.0 451.755652
BATTERY 0.833333 0.200000 0.322581 0.772727 0.772727 0.772727 0 0 0.0 448.130538
BATTERY 0.913043 0.210000 0.341463 0.818182 0.818182 0.818182 0 0 0.0 477.674765
BATTERY 1.000000 0.220000 0.360656 0.818182 0.818182 0.818182 0 0 0.0 424.587490
BATTERY 0.913043 0.210000 0.341463 0.818182 0.818182 0.818182 0 0 0.0 447.501357
BATTERY 1.000000 0.240000 0.387097 0.818182 0.818182 0.818182 0 0 0.0 424.979731
BATTERY 0.909091 0.200000 0.327869 0.818182 0.818182 0.818182 0 0 0.0 436.165154
BATTERY 1.000000 0.240000 0.387097 0.818182 0.818182 0.818182 0 0 0.0 429.762404
BATTERY 0.761905 0.160000 0.264463 0.863636 0.863636 0.863636 0 0 0.0 439.441034
BATTERY 0.916667 0.220000 0.354839 0.818182 0.818182 0.818182 0 0 0.0 449.055760
BATTERY 0.750000 0.150000 0.250000 0.818182 0.818182 0.818182 0 0 0.0 394.565266
BATTERY 0.826087 0.190000 0.308943 0.818182 0.818182 0.818182 0 0 0.0 420.812035
BATTERY 0.800000 0.160000 0.266667 0.818182 0.818182 0.818182 0 0 0.0 411.379901
BATTERY 0.809524 0.170000 0.280992 0.818182 0.818182 0.818182 0 0 0.0 461.383076
BATTERY 0.826087 0.190000 0.308943 0.818182 0.818182 0.818182 0 0 0.0 483.118350
BATTERY 0.880000 0.220000 0.352000 0.818182 0.818182 0.818182 0 0 0.0 502.269315
BATTERY 0.954545 0.210000 0.344262 0.818182 0.818182 0.818182 0 0 0.0 502.972603
BATTERY 1.000000 0.230000 0.373984 0.818182 0.818182 0.818182 0 0 0.0 488.214539
BATTERY 1.000000 0.220000 0.360656 0.818182 0.818182 0.818182 0 0 0.0 407.996618
BATTERY 0.863636 0.190000 0.311475 0.863636 0.863636 0.863636 0 0 0.0 425.865260
BATTERY 0.958333 0.230000 0.370968 0.818182 0.818182 0.818182 0 0 0.0 413.019471
BATTERY 0.913043 0.210000 0.341463 0.772727 0.772727 0.772727 0 0 0.0 404.640562
BATTERY 1.000000 0.240000 0.387097 0.818182 0.818182 0.818182 0 0 0.0 490.021283
BATTERY 0.954545 0.210000 0.344262 0.818182 0.818182 0.818182 0 0 0.0 477.752847
