BATTERY 0.31 0.574074074074 0.402597402597 0.0909090909091 0.0909090909091 0.0909090909091 163038.933327
BATTERY 0.41 0.759259259259 0.532467532468 0.0909090909091 0.0909090909091 0.0909090909091 187517.535223
BATTERY 0.34 0.790697674419 0.475524475524 0.0909090909091 0.0909090909091 0.0909090909091 179387.16511
BATTERY 0.36 0.705882352941 0.476821192053 0.136363636364 0.136363636364 0.136363636364 161355.347125
BATTERY 0.21 0.875 0.338709677419 0.181818181818 0.181818181818 0.181818181818 171068.280357
BATTERY 0.33 0.785714285714 0.464788732394 0.0909090909091 0.0909090909091 0.0909090909091 151901.193091
BATTERY 0.43 0.914893617021 0.585034013605 0.272727272727 0.272727272727 0.272727272727 167535.433478
BATTERY 0.36 0.705882352941 0.476821192053 0.181818181818 0.181818181818 0.181818181818 152510.61514
BATTERY 0.15 0.555555555556 0.236220472441 0.181818181818 0.181818181818 0.181818181818 165181.819003
BATTERY 0.44 0.88 0.586666666667 0.136363636364 0.136363636364 0.136363636364 160042.143749
BATTERY 0.24 0.545454545455 0.333333333333 0.0454545454545 0.0454545454545 0.0454545454545 164562.692421
BATTERY 0.31 0.563636363636 0.4 0.272727272727 0.272727272727 0.272727272727 154954.177892
BATTERY 0.34 0.739130434783 0.465753424658 0.181818181818 0.181818181818 0.181818181818 161151.278485
BATTERY 0.3 0.63829787234 0.408163265306 0.227272727273 0.227272727273 0.227272727273 154025.857167
BATTERY 0.38 0.76 0.506666666667 0.272727272727 0.272727272727 0.272727272727 156821.890279
BATTERY 0.42 1.0 0.591549295775 0.136363636364 0.136363636364 0.136363636364 153399.748913
BATTERY 0.36 0.75 0.486486486486 0.227272727273 0.227272727273 0.227272727273 162687.697406
BATTERY 0.32 0.64 0.426666666667 0.136363636364 0.136363636364 0.136363636364 167107.121091
BATTERY 0.42 0.724137931034 0.53164556962 0.136363636364 0.136363636364 0.136363636364 161944.298858
BATTERY 0.49 0.98 0.653333333333 0.136363636364 0.136363636364 0.136363636364 151044.277861
BATTERY 0.24 0.96 0.384 0.136363636364 0.136363636364 0.136363636364 159693.22761
BATTERY 0.27 0.870967741935 0.412213740458 0.181818181818 0.181818181818 0.181818181818 144353.918392
BATTERY 0.16 0.695652173913 0.260162601626 0.136363636364 0.136363636364 0.136363636364 156196.702135
BATTERY 0.48 0.923076923077 0.631578947368 0.227272727273 0.227272727273 0.227272727273 146168.465784
BATTERY 0.34 0.62962962963 0.441558441558 0.0909090909091 0.0909090909091 0.0909090909091 160551.548259
BATTERY 0.3 0.714285714286 0.422535211268 0.0909090909091 0.0909090909091 0.0909090909091 148680.99201
BATTERY 0.3 0.576923076923 0.394736842105 0.0454545454545 0.0454545454545 0.0454545454545 157462.65486
BATTERY 0.17 0.68 0.272 0.136363636364 0.136363636364 0.136363636364 166484.555453
BATTERY 0.37 0.755102040816 0.496644295302 0.136363636364 0.136363636364 0.136363636364 178191.560609
BATTERY 0.39 0.696428571429 0.5 0.136363636364 0.136363636364 0.136363636364 153528.988918
BATTERY 0.39 0.75 0.513157894737 0.0454545454545 0.0454545454545 0.0454545454545 155094.105097
BATTERY 0.39 0.696428571429 0.5 0.181818181818 0.181818181818 0.181818181818 148043.986561
BATTERY 0.27 0.658536585366 0.382978723404 0.136363636364 0.136363636364 0.136363636364 156490.170302
BATTERY 0.38 0.730769230769 0.5 0.272727272727 0.272727272727 0.272727272727 170845.981053
BATTERY 0.35 0.760869565217 0.479452054795 0.136363636364 0.136363636364 0.136363636364 167341.500856
BATTERY 0.37 0.755102040816 0.496644295302 0.0909090909091 0.0909090909091 0.0909090909091 164859.495972
BATTERY 0.42 0.736842105263 0.535031847134 0.136363636364 0.136363636364 0.136363636364 156357.110045
BATTERY 0.3 0.555555555556 0.38961038961 0.136363636364 0.136363636364 0.136363636364 136744.267542
BATTERY 0.26 1.0 0.412698412698 0.0909090909091 0.0909090909091 0.0909090909091 165290.617429
BATTERY 0.28 0.666666666667 0.394366197183 0.136363636364 0.136363636364 0.136363636364 158042.948941
BATTERY 0.46 0.901960784314 0.609271523179 0.0454545454545 0.0454545454545 0.0454545454545 161464.73851
BATTERY 0.44 0.862745098039 0.582781456954 0.181818181818 0.181818181818 0.181818181818 159619.626562
BATTERY 0.35 0.625 0.448717948718 0.181818181818 0.181818181818 0.181818181818 149758.6801
BATTERY 0.44 0.814814814815 0.571428571429 0.181818181818 0.181818181818 0.181818181818 144708.376079
BATTERY 0.27 0.84375 0.409090909091 0.181818181818 0.181818181818 0.181818181818 160332.109088
BATTERY 0.36 0.765957446809 0.489795918367 0.181818181818 0.181818181818 0.181818181818 152016.062031
BATTERY 0.44 0.862745098039 0.582781456954 0.0909090909091 0.0909090909091 0.0909090909091 170988.683177
BATTERY 0.43 0.877551020408 0.577181208054 0.0909090909091 0.0909090909091 0.0909090909091 154374.813205
BATTERY 0.34 0.653846153846 0.447368421053 0.136363636364 0.136363636364 0.136363636364 157755.339967
BATTERY 0.41 0.788461538462 0.539473684211 0.227272727273 0.227272727273 0.227272727273 163049.504919
BATTERY 0.48 0.979591836735 0.644295302013 0.0454545454545 0.0454545454545 0.0454545454545 163764.942296
BATTERY 0.5 0.806451612903 0.617283950617 0.181818181818 0.181818181818 0.181818181818 152895.802947
BURGLARY 0.5 0.980392156863 0.662251655629 0.0 0.0 0.0 135684.238707
BURGLARY 0.49 0.830508474576 0.616352201258 0.0 0.0 0.0 127457.842839
BURGLARY 0.41 0.803921568627 0.543046357616 0.0 0.0 0.0 132391.368845
BURGLARY 0.4 0.909090909091 0.555555555556 0.0 0.0 0.0 149975.569158
BURGLARY 0.29 0.966666666667 0.446153846154 0.0 0.0 0.0 136541.597027
BURGLARY 0.16 0.695652173913 0.260162601626 0.0 0.0 0.0 144911.941615
BURGLARY 0.42 0.792452830189 0.549019607843 0.0 0.0 0.0 142903.839923
BURGLARY 0.27 0.658536585366 0.382978723404 0.0 0.0 0.0 169840.442945
BURGLARY 0.37 0.787234042553 0.503401360544 0.0 0.0 0.0 126244.959616
BURGLARY 0.35 0.760869565217 0.479452054795 0.0 0.0 0.0 130401.601819
BURGLARY 0.3 0.731707317073 0.425531914894 0.0 0.0 0.0 138274.2006
BURGLARY 0.44 0.95652173913 0.602739726027 0.0 0.0 0.0 129473.021917
BURGLARY 0.4 0.93023255814 0.559440559441 0.0 0.0 0.0 139397.403788
BURGLARY 0.43 0.796296296296 0.558441558442 0.0 0.0 0.0 134686.656868
BURGLARY 0.49 0.942307692308 0.644736842105 0.0 0.0 0.0 123614.72366
BURGLARY 0.42 1.0 0.591549295775 0.0 0.0 0.0 136512.224358
BURGLARY 0.37 0.685185185185 0.480519480519 0.0 0.0 0.0 145417.534273
BURGLARY 0.4 0.727272727273 0.516129032258 0.0 0.0 0.0 135834.719489
BURGLARY 0.27 0.931034482759 0.418604651163 0.0 0.0 0.0 132752.096763
BURGLARY 0.4 0.851063829787 0.544217687075 0.0 0.0 0.0 133042.478887
BURGLARY 0.39 0.886363636364 0.541666666667 0.0 0.0 0.0 140118.448032
BURGLARY 0.12 0.428571428571 0.1875 0.0 0.0 0.0 120621.894478
BURGLARY 0.26 0.530612244898 0.348993288591 0.0 0.0 0.0 138399.83687
BURGLARY 0.15 0.46875 0.227272727273 0.0 0.0 0.0 147041.882645
BURGLARY 0.45 0.762711864407 0.566037735849 0.0 0.0 0.0 126873.731049
BURGLARY 0.22 0.95652173913 0.357723577236 0.0 0.0 0.0 136197.11123
BURGLARY 0.18 0.391304347826 0.246575342466 0.0 0.0 0.0 127277.411682
BURGLARY 0.31 0.673913043478 0.424657534247 0.0 0.0 0.0 142281.762247
BURGLARY 0.47 0.87037037037 0.61038961039 0.0 0.0 0.0 132120.276865
BURGLARY 0.33 0.785714285714 0.464788732394 0.0 0.0 0.0 119918.334309
BURGLARY 0.47 0.87037037037 0.61038961039 0.0 0.0 0.0 135918.430582
BURGLARY 0.29 0.537037037037 0.376623376623 0.0 0.0 0.0 124478.788005
BURGLARY 0.42 0.777777777778 0.545454545455 0.0 0.0 0.0 148000.899117
BURGLARY 0.3 0.714285714286 0.422535211268 0.0 0.0 0.0 133114.528403
BURGLARY 0.31 0.574074074074 0.402597402597 0.0 0.0 0.0 148219.646631
BURGLARY 0.33 0.785714285714 0.464788732394 0.0 0.0 0.0 134428.818338
BURGLARY 0.35 0.853658536585 0.496453900709 0.0 0.0 0.0 131064.087292
BURGLARY 0.13 0.433333333333 0.2 0.0 0.0 0.0 143862.472988
BURGLARY 0.15 0.3 0.2 0.2 0.2 0.2 131558.6845
BURGLARY 0.26 0.577777777778 0.358620689655 0.0 0.0 0.0 137475.438852
BURGLARY 0.25 0.833333333333 0.384615384615 0.0 0.0 0.0 164653.387285
BURGLARY 0.28 0.903225806452 0.427480916031 0.0 0.0 0.0 141334.534011
BURGLARY 0.29 0.966666666667 0.446153846154 0.0 0.0 0.0 133035.841939
BURGLARY 0.32 0.68085106383 0.43537414966 0.0 0.0 0.0 131102.031405
BURGLARY 0.17 0.5 0.253731343284 0.0 0.0 0.0 131262.969055
BURGLARY 0.2 0.606060606061 0.300751879699 0.0 0.0 0.0 141595.302747
BURGLARY 0.54 0.931034482759 0.683544303797 0.0 0.0 0.0 129069.373446
BURGLARY 0.43 0.796296296296 0.558441558442 0.0 0.0 0.0 140531.060528
BURGLARY 0.33 0.6875 0.445945945946 0.0 0.0 0.0 147038.165733
BURGLARY 0.44 1.0 0.611111111111 0.0 0.0 0.0 131046.704787
BURGLARY 0.16 0.285714285714 0.205128205128 0.0 0.0 0.0 137471.131412
BURGLARY 0.28 0.608695652174 0.383561643836 0.0 0.0 0.0 141504.88386