BURGLARY 0.9636363636363636 0.53 0.6838709677419355 1.0 1.0 1.0 55 5 -5456.403617487968 34.301420103
BURGLARY 0.9487179487179487 0.37 0.5323741007194245 1.0 1.0 1.0 39 5 -5816.440829496439 27.473899705
BATTERY 0.9655172413793104 0.56 0.7088607594936709 0.9545454545454546 0.9545454545454546 0.9545454545454546 58 22 1103.5731796207008 54.231625965
BURGLARY 1.0 0.4 0.5714285714285715 1.0 1.0 1.0 40 5 -5983.9742728350275 24.831950432
BATTERY 0.9811320754716981 0.52 0.6797385620915032 0.9545454545454546 0.9545454545454546 0.9545454545454546 53 22 1063.5012499629195 34.285186797
BATTERY 0.9491525423728814 0.56 0.7044025157232704 0.9545454545454546 0.9545454545454546 0.9545454545454546 59 22 1201.8649690340258 91.653627071
BURGLARY 0.9473684210526315 0.36 0.5217391304347826 1.0 1.0 1.0 38 5 -6432.310316628906 41.423880876
BATTERY 0.9538461538461539 0.62 0.7515151515151515 0.9545454545454546 0.9545454545454546 0.9545454545454546 65 22 1092.8461756171416 108.246823169
BURGLARY 0.9705882352941176 0.33 0.49253731343283585 1.0 1.0 1.0 34 5 -6187.597784030669 42.614060932
BURGLARY 0.9767441860465116 0.42 0.5874125874125874 1.0 1.0 1.0 43 5 -6041.8940661387605 40.798392383
BATTERY 1.0 0.59 0.7421383647798743 0.9545454545454546 0.9545454545454546 0.9545454545454546 59 22 1141.6980010966647 71.560706402
BURGLARY 1.0 0.36 0.5294117647058824 1.0 1.0 1.0 36 5 -5689.346697079076 42.356311955
BURGLARY 1.0 0.37 0.5401459854014599 1.0 1.0 1.0 37 5 -5327.709297335494 50.916516247
BURGLARY 0.925 0.37 0.5285714285714286 1.0 1.0 1.0 40 5 -5992.078676314097 46.513122276
BATTERY 0.9827586206896551 0.57 0.721518987341772 0.9545454545454546 0.9545454545454546 0.9545454545454546 58 22 1150.0319547995962 57.597126011
BURGLARY 1.0 0.4 0.5714285714285715 1.0 1.0 1.0 40 5 -5370.184232345841 46.25949294
BURGLARY 0.95 0.38 0.5428571428571428 1.0 1.0 1.0 40 5 -5850.207708144929 54.487374873
BATTERY 0.9245283018867925 0.49 0.6405228758169934 0.9545454545454546 0.9545454545454546 0.9545454545454546 53 22 1117.3610308066657 55.420923752
BURGLARY 0.9714285714285714 0.34 0.5037037037037038 1.0 1.0 1.0 35 5 -5700.611635368547 28.285694081
BATTERY 0.5702479338842975 0.69 0.6244343891402714 0.9545454545454546 0.9545454545454546 0.9545454545454546 121 22 1080.6053298356503 118.425335886
BATTERY 0.9672131147540983 0.59 0.732919254658385 0.9545454545454546 0.9545454545454546 0.9545454545454546 61 22 1121.1965877058774 60.881511268
BATTERY 0.9642857142857143 0.54 0.6923076923076923 0.9545454545454546 0.9545454545454546 0.9545454545454546 56 22 1106.7964046996676 100.778063976
BURGLARY 1.0 0.4 0.5714285714285715 1.0 1.0 1.0 40 5 -5683.145564063491 38.048214637
BATTERY 0.9473684210526315 0.54 0.6878980891719746 0.9545454545454546 0.9545454545454546 0.9545454545454546 57 22 1139.5272599252453 78.695776233
BATTERY 1.0 0.55 0.7096774193548387 0.9545454545454546 0.9545454545454546 0.9545454545454546 55 22 1023.5682084006628 92.329035216
BURGLARY 0.9512195121951219 0.39 0.553191489361702 1.0 1.0 1.0 41 5 -5887.997770354145 31.161702762
BATTERY 0.9814814814814815 0.53 0.6883116883116882 0.9545454545454546 0.9545454545454546 0.9545454545454546 54 22 1132.835477582486 78.757726819
BATTERY 0.9298245614035088 0.53 0.6751592356687899 0.9545454545454546 0.9545454545454546 0.9545454545454546 57 22 830.611916331462 64.26086416
BURGLARY 0.9714285714285714 0.34 0.5037037037037038 1.0 1.0 1.0 35 5 -5397.712961431605 35.893150134
BATTERY 0.9298245614035088 0.53 0.6751592356687899 0.9545454545454546 0.9545454545454546 0.9545454545454546 57 22 983.1174704280152 96.814294018
BURGLARY 0.9705882352941176 0.33 0.49253731343283585 1.0 1.0 1.0 34 5 -5657.288293577609 39.482823977
BATTERY 0.9803921568627451 0.5 0.662251655629139 0.9545454545454546 0.9545454545454546 0.9545454545454546 51 22 923.0197426391535 52.981346913
BATTERY 0.9245283018867925 0.49 0.6405228758169934 0.9545454545454546 0.9545454545454546 0.9545454545454546 53 22 1019.5305465053193 43.994090374
BATTERY 0.9056603773584906 0.48 0.6274509803921569 0.9545454545454546 0.9545454545454546 0.9545454545454546 53 22 924.0424950851684 54.618351844
BURGLARY 1.0 0.4 0.5714285714285715 1.0 1.0 1.0 40 5 -5933.770984161267 41.464174362
BURGLARY 1.0 0.35 0.5185185185185185 1.0 1.0 1.0 35 5 -5809.3933266373115 47.91585979
BURGLARY 1.0 0.42 0.5915492957746479 1.0 1.0 1.0 42 5 -6307.812209796079 32.199899291
BATTERY 0.9642857142857143 0.54 0.6923076923076923 0.9545454545454546 0.9545454545454546 0.9545454545454546 56 22 1091.3496936961078 55.775401948
BATTERY 1.0 0.58 0.7341772151898733 0.9545454545454546 0.9545454545454546 0.9545454545454546 58 22 1112.4707664739922 55.036108413
BATTERY 0.9629629629629629 0.52 0.6753246753246753 0.9545454545454546 0.9545454545454546 0.9545454545454546 54 22 1030.3599292791257 72.206661299
BATTERY 0.9811320754716981 0.52 0.6797385620915032 1.0 1.0 1.0 53 22 957.2771481195255 117.132156965
BATTERY 0.975 0.39 0.5571428571428572 0.9545454545454546 0.9545454545454546 0.9545454545454546 40 22 1005.212487168503 56.333713755
BATTERY 0.9803921568627451 0.5 0.662251655629139 0.9545454545454546 0.9545454545454546 0.9545454545454546 51 22 1090.2470273333613 38.087283364
BATTERY 0.9545454545454546 0.63 0.7590361445783134 0.9545454545454546 0.9545454545454546 0.9545454545454546 66 22 1117.0616897835894 104.978196533
BATTERY 0.9622641509433962 0.51 0.6666666666666667 0.9545454545454546 0.9545454545454546 0.9545454545454546 53 22 1052.0988723603061 100.329449066
BATTERY 0.9824561403508771 0.56 0.7133757961783439 1.0 1.0 1.0 57 22 1131.5183970125056 50.15446247
BURGLARY 0.9318181818181818 0.41 0.5694444444444444 1.0 1.0 1.0 44 5 -5700.5282194932515 43.273157102
BURGLARY 1.0 0.35 0.5185185185185185 1.0 1.0 1.0 35 5 -5540.376150536929 38.081929236
BURGLARY 0.967741935483871 0.3 0.4580152671755725 1.0 1.0 1.0 31 5 -6472.38491747604 40.424296953
BURGLARY 1.0 0.35 0.5185185185185185 1.0 1.0 1.0 35 5 -5326.336839718412 39.569599907
BATTERY 0.9642857142857143 0.54 0.6923076923076923 0.9545454545454546 0.9545454545454546 0.9545454545454546 56 22 1178.240062671913 58.702868863
BATTERY 0.9814814814814815 0.53 0.6883116883116882 0.9545454545454546 0.9545454545454546 0.9545454545454546 54 22 1103.0297343690902 46.567535833
BURGLARY 0.95 0.38 0.5428571428571428 1.0 1.0 1.0 40 5 -6131.211664526366 33.735342645
BURGLARY 1.0 0.4 0.5714285714285715 1.0 1.0 1.0 40 5 -5933.735203111457 32.29995559
BATTERY 0.9824561403508771 0.56 0.7133757961783439 0.9545454545454546 0.9545454545454546 0.9545454545454546 57 22 1031.1590485595586 69.736051641
BATTERY 0.896551724137931 0.52 0.6582278481012658 0.9545454545454546 0.9545454545454546 0.9545454545454546 58 22 1089.6018641533087 63.335572589
BATTERY 1.0 0.57 0.7261146496815287 0.9545454545454546 0.9545454545454546 0.9545454545454546 57 22 1081.8985338718717 59.996707089
BATTERY 0.9787234042553191 0.46 0.6258503401360545 0.9545454545454546 0.9545454545454546 0.9545454545454546 47 22 950.7909401600689 61.137340548
BURGLARY 0.8571428571428571 0.3 0.4444444444444444 1.0 1.0 1.0 35 5 -5872.956334403132 38.088829669
BURGLARY 1.0 0.46 0.6301369863013699 1.0 1.0 1.0 46 5 -4813.168450783913 40.590199496
BURGLARY 0.9743589743589743 0.38 0.5467625899280576 1.0 1.0 1.0 39 5 -6767.197131516322 34.264481597
BURGLARY 1.0 0.38 0.5507246376811594 1.0 1.0 1.0 38 5 -5779.292944016481 45.667610738
BATTERY 0.9661016949152542 0.57 0.7169811320754716 0.9545454545454546 0.9545454545454546 0.9545454545454546 59 22 1110.3474442393253 117.76086639
BATTERY 0.9814814814814815 0.53 0.6883116883116882 0.9545454545454546 0.9545454545454546 0.9545454545454546 54 22 1066.4060208457608 86.80491653
BURGLARY 0.95 0.38 0.5428571428571428 1.0 1.0 1.0 40 5 -6165.108506769328 36.281346336
BATTERY 1.0 0.55 0.7096774193548387 0.9545454545454546 0.9545454545454546 0.9545454545454546 55 22 964.5712918659187 56.627909882
BATTERY 0.9565217391304348 0.44 0.6027397260273973 0.9545454545454546 0.9545454545454546 0.9545454545454546 46 22 985.2636175366242 53.044610494
BATTERY 0.90625 0.58 0.7073170731707317 0.9545454545454546 0.9545454545454546 0.9545454545454546 64 22 1086.7763498939103 106.805332412
BURGLARY 0.9736842105263158 0.37 0.536231884057971 1.0 1.0 1.0 38 5 -5731.369257893323 35.035097874
BATTERY 0.9682539682539683 0.61 0.7484662576687117 0.9545454545454546 0.9545454545454546 0.9545454545454546 63 22 1145.7651797551948 58.438886044
BATTERY 0.9375 0.45 0.6081081081081081 0.9545454545454546 0.9545454545454546 0.9545454545454546 48 22 1056.4342828221102 88.171680895
BURGLARY 0.9722222222222222 0.35 0.5147058823529411 1.0 1.0 1.0 36 5 -5654.901388142508 33.605432616
BATTERY 0.9354838709677419 0.58 0.7160493827160493 0.9545454545454546 0.9545454545454546 0.9545454545454546 62 22 1168.0009555129884 65.956215462
BURGLARY 0.9444444444444444 0.34 0.5 1.0 1.0 1.0 36 5 -6213.80529952666 36.032495105
BATTERY 1.0 0.45 0.6206896551724138 0.9545454545454546 0.9545454545454546 0.9545454545454546 45 22 851.9232379542234 83.461576118
BATTERY 1.0 0.5 0.6666666666666666 0.9090909090909091 0.9090909090909091 0.9090909090909091 50 22 1074.5421971776398 83.277011827
BATTERY 1.0 0.6 0.7499999999999999 0.9545454545454546 0.9545454545454546 0.9545454545454546 60 22 1099.3338793830646 67.72221379
BURGLARY 0.9743589743589743 0.38 0.5467625899280576 1.0 1.0 1.0 39 5 -5565.945536818964 34.889844114
BATTERY 0.9464285714285714 0.53 0.6794871794871796 0.9545454545454546 0.9545454545454546 0.9545454545454546 56 22 1025.3907237495598 78.54752271
BURGLARY 0.95 0.38 0.5428571428571428 1.0 1.0 1.0 40 5 -5810.483953267659 33.253099476
BURGLARY 0.9736842105263158 0.37 0.536231884057971 1.0 1.0 1.0 38 5 -5863.952757247989 35.067794852
BATTERY 0.9795918367346939 0.48 0.6442953020134228 0.9545454545454546 0.9545454545454546 0.9545454545454546 49 22 1127.7437219881851 52.86426034
BURGLARY 0.972972972972973 0.36 0.5255474452554745 1.0 1.0 1.0 37 5 -7214.82118361493 37.495025713
BURGLARY 0.9512195121951219 0.39 0.553191489361702 1.0 1.0 1.0 41 5 -6137.034084842425 31.198355415
BATTERY 0.9807692307692307 0.51 0.6710526315789475 0.9545454545454546 0.9545454545454546 0.9545454545454546 52 22 1067.0620425381996 84.158135687
BURGLARY 1.0 0.4 0.5714285714285715 1.0 1.0 1.0 40 5 -5430.0079851274 41.438848686
BURGLARY 0.9302325581395349 0.4 0.5594405594405595 1.0 1.0 1.0 43 5 -5641.290542733691 41.024636667
BURGLARY 1.0 0.36 0.5294117647058824 1.0 1.0 1.0 36 5 -5511.0044839481125 40.023162673
BURGLARY 0.9166666666666666 0.33 0.4852941176470588 1.0 1.0 1.0 36 5 -6201.503274251325 40.389386686
BURGLARY 0.9736842105263158 0.37 0.536231884057971 1.0 1.0 1.0 38 5 -5756.681659164624 35.322057197
BURGLARY 0.9736842105263158 0.37 0.536231884057971 1.0 1.0 1.0 38 5 -5506.125374837086 35.587353395
BURGLARY 0.975 0.39 0.5571428571428572 1.0 1.0 1.0 40 5 -6564.250502484313 36.212051588
BATTERY 0.9423076923076923 0.49 0.6447368421052632 0.9545454545454546 0.9545454545454546 0.9545454545454546 52 22 1149.7843280367588 176.219150279
BATTERY 0.9672131147540983 0.59 0.732919254658385 0.9545454545454546 0.9545454545454546 0.9545454545454546 61 22 1103.404792724391 92.396807051
BURGLARY 0.9743589743589743 0.38 0.5467625899280576 1.0 1.0 1.0 39 5 -5085.961289667782 34.42527255
BURGLARY 0.975609756097561 0.4 0.5673758865248227 1.0 1.0 1.0 41 5 -5854.281917524009 40.132329107
BURGLARY 1.0 0.33 0.49624060150375937 1.0 1.0 1.0 33 5 -5267.624838367965 36.011420618
BURGLARY 1.0 0.38 0.5507246376811594 1.0 1.0 1.0 38 5 -5711.8056276435345 34.960199695
BATTERY 0.9649122807017544 0.55 0.7006369426751593 0.9545454545454546 0.9545454545454546 0.9545454545454546 57 22 1107.2157482740608 59.803327457
BATTERY 0.9787234042553191 0.46 0.6258503401360545 0.9545454545454546 0.9545454545454546 0.9545454545454546 47 22 803.2810714680063 117.44646892
BATTERY 0.9375 0.45 0.6081081081081081 0.9545454545454546 0.9545454545454546 0.9545454545454546 48 22 947.9322473672073 55.831615564
BURGLARY 0.9714285714285714 0.34 0.5037037037037038 0.8 0.8 0.8000000000000002 35 5 -6666.821947396647 37.562769299
BURGLARY 1.0 0.33 0.49624060150375937 1.0 1.0 1.0 33 5 -6244.778391717879 33.034254448
BURGLARY 0.8809523809523809 0.37 0.5211267605633803 1.0 1.0 1.0 42 5 -6332.830824400893 22.893616809
